
 Morse potential parameters:
 De =  10.981     eV
 alpha  =  2.3256    /Angst

 Morse potential parameters:
 De =  6.5425     eV
 alpha  =  2.4208    /Angst
  Beta:   2.32562416  2.42079659 /Angst
  K:      163.266371  121.069449
  Re:     1.12829995  1.20570004 Angst
 Nmax = 19 19
        0 ->  0 ,  48473.21 ,  0.29856     ,  206.30     ,  3.40048E+13
        0 ->  1 ,  50187.82 ,  0.32958     ,  199.25     ,  4.16632E+13
        0 ->  2 ,  51873.61 ,  0.20842     ,  192.78     ,  2.90925E+13
        0 ->  3 ,  53530.61 ,  0.10005     ,  186.81     ,  1.53472E+13
        0 ->  4 ,  55158.82 ,  4.07861E-02 ,  181.29     ,  6.84473E+12
        0 ->  5 ,  56758.21 ,  1.49833E-02 ,  176.19     ,  2.73965E+12
        0 ->  6 ,  58328.82 ,  5.14286E-03 ,  171.44     ,  1.02060E+12
        0 ->  7 ,  59870.62 ,  1.68913E-03 ,  167.03     ,  3.62496E+11
        0 ->  8 ,  61383.62 ,  5.39763E-04 ,  162.91     ,  1.24842E+11
        0 ->  9 ,  62867.82 ,  1.69848E-04 ,  159.06     ,  4.22033E+10
        0 -> 10 ,  64323.21 ,  5.31050E-05 ,  155.46     ,  1.41331E+10
        0 -> 11 ,  65749.81 ,  1.66109E-05 ,  152.09     ,  4.72146E+09
        0 -> 12 ,  67147.62 ,  5.22549E-06 ,  148.93     ,  1.58205E+09
        0 -> 13 ,  68516.62 ,  1.66009E-06 ,  145.95     ,  5.33974E+08
        0 -> 14 ,  69856.81 ,  5.34347E-07 ,  143.15     ,  1.82159E+08
        0 -> 15 ,  71168.22 ,  1.74713E-07 ,  140.51     ,  6.29774E+07
        0 -> 16 ,  72450.81 ,  5.81481E-08 ,  138.02     ,  2.21139E+07
        0 -> 17 ,  73704.62 ,  1.97317E-08 ,  135.68     ,  7.90041E+06
        0 -> 18 ,  74929.62 ,  6.83575E-09 ,  133.46     ,  2.87572E+06
        0 -> 19 ,  76125.81 ,  2.42019E-09 ,  131.36     ,  1.06769E+06
        1 ->  0 ,  46329.98 ,  0.38447     ,  215.84     ,  3.82336E+13
        1 ->  1 ,  48044.59 ,  1.39366E-02 ,  208.14     ,  1.54558E+12
        1 ->  2 ,  49730.39 ,  7.84930E-02 ,  201.08     ,  9.65376E+12
        1 ->  3 ,  51387.38 ,  0.17965     ,  194.60     ,  2.43784E+13
        1 ->  4 ,  53015.59 ,  0.16101     ,  188.62     ,  2.39923E+13
        1 ->  5 ,  54614.98 ,  9.86113E-02 ,  183.10     ,  1.60643E+13
        1 ->  6 ,  56185.59 ,  4.89371E-02 ,  177.98     ,  8.67986E+12
        1 ->  7 ,  57727.38 ,  2.13159E-02 ,  173.23     ,  4.10061E+12
        1 ->  8 ,  59240.38 ,  8.52771E-03 ,  168.80     ,  1.77291E+12
        1 ->  9 ,  60724.59 ,  3.22480E-03 ,  164.68     ,  7.22098E+11
        1 -> 10 ,  62179.98 ,  1.17539E-03 ,  160.82     ,  2.82575E+11
        1 -> 11 ,  63606.59 ,  4.18693E-04 ,  157.22     ,  1.07746E+11
        1 -> 12 ,  65004.38 ,  1.47260E-04 ,  153.84     ,  4.04495E+10
        1 -> 13 ,  66373.38 ,  5.15349E-05 ,  150.66     ,  1.50690E+10
        1 -> 14 ,  67713.59 ,  1.80522E-05 ,  147.68     ,  5.60475E+09
        1 -> 15 ,  69024.98 ,  6.35895E-06 ,  144.88     ,  2.09124E+09
        1 -> 16 ,  70307.59 ,  2.26082E-06 ,  142.23     ,  7.85727E+08
        1 -> 17 ,  71561.38 ,  8.13653E-07 ,  139.74     ,  2.98178E+08
        1 -> 18 ,  72786.38 ,  2.97116E-07 ,  137.39     ,  1.14571E+08
        1 -> 19 ,  73982.59 ,  1.10292E-07 ,  135.17     ,  4.46613E+07
        2 ->  0 ,  44213.34 ,  0.22134     ,  226.18     ,  1.91300E+13
        2 ->  1 ,  45927.93 ,  0.13696     ,  217.73     ,  1.32684E+13
        2 ->  2 ,  47613.73 ,  0.14457     ,  210.02     ,  1.56056E+13
        2 ->  3 ,  49270.73 ,  1.29235E-03 ,  202.96     ,  1.54578E+11
        2 ->  4 ,  50898.93 ,  6.10439E-02 ,  196.47     ,  8.04949E+12
        2 ->  5 ,  52498.34 ,  0.13233     ,  190.48     ,  1.91469E+13
        2 ->  6 ,  54068.93 ,  0.12773     ,  184.95     ,  2.01900E+13
        2 ->  7 ,  55610.73 ,  8.63997E-02 ,  179.82     ,  1.48590E+13
        2 ->  8 ,  57123.73 ,  4.76927E-02 ,  175.06     ,  8.89000E+12
        2 ->  9 ,  58607.93 ,  2.31398E-02 ,  170.63     ,  4.65832E+12
        2 -> 10 ,  60063.34 ,  1.03031E-02 ,  166.49     ,  2.23252E+12
        2 -> 11 ,  61489.93 ,  4.32828E-03 ,  162.63     ,  1.00630E+12
        2 -> 12 ,  62887.73 ,  1.74854E-03 ,  159.01     ,  4.34884E+11
        2 -> 13 ,  64256.73 ,  6.88628E-04 ,  155.63     ,  1.82701E+11
        2 -> 14 ,  65596.94 ,  2.67088E-04 ,  152.45     ,  7.53884E+10
        2 -> 15 ,  66908.34 ,  1.02811E-04 ,  149.46     ,  3.07950E+10
        2 -> 16 ,  68190.94 ,  3.95134E-05 ,  146.65     ,  1.25292E+10
        2 -> 17 ,  69444.73 ,  1.52341E-05 ,  144.00     ,  5.10192E+09
        2 -> 18 ,  70669.73 ,  5.91401E-06 ,  141.50     ,  2.08729E+09
        2 -> 19 ,  71865.94 ,  2.31874E-06 ,  139.15     ,  8.60638E+08
        3 ->  0 ,  42123.27 ,  7.55231E-02 ,  237.40     ,  5.64476E+12
        3 ->  1 ,  43837.86 ,  0.27315     ,  228.11     ,  2.30117E+13
        3 ->  2 ,  45523.66 ,  3.36402E-03 ,  219.67     ,  3.17373E+11
        3 ->  3 ,  47180.66 ,  0.14901     ,  211.95     ,  1.56499E+13
        3 ->  4 ,  48808.86 ,  6.19848E-02 ,  204.88     ,  7.20745E+12
        3 ->  5 ,  50408.27 ,  1.20798E-03 ,  198.38     ,  1.54727E+11
        3 ->  6 ,  51978.86 ,  5.97583E-02 ,  192.39     ,  8.39225E+12
        3 ->  7 ,  53520.66 ,  0.10897     ,  186.84     ,  1.67056E+13
        3 ->  8 ,  55033.66 ,  0.10514     ,  181.71     ,  1.75243E+13
        3 ->  9 ,  56517.86 ,  7.45847E-02 ,  176.94     ,  1.34650E+13
        3 -> 10 ,  57973.27 ,  4.40522E-02 ,  172.49     ,  8.58324E+12
        3 -> 11 ,  59399.87 ,  2.30914E-02 ,  168.35     ,  4.83956E+12
        3 -> 12 ,  60797.66 ,  1.11616E-02 ,  164.48     ,  2.50834E+12
        3 -> 13 ,  62166.66 ,  5.10177E-03 ,  160.86     ,  1.22573E+12
        3 -> 14 ,  63506.87 ,  2.24421E-03 ,  157.46     ,  5.74811E+11
        3 -> 15 ,  64818.27 ,  9.62285E-04 ,  154.28     ,  2.62057E+11
        3 -> 16 ,  66100.87 ,  4.06079E-04 ,  151.28     ,  1.17282E+11
        3 -> 17 ,  67354.66 ,  1.69898E-04 ,  148.47     ,  5.19147E+10
        3 -> 18 ,  68579.66 ,  7.08823E-05 ,  145.82     ,  2.28625E+10
        3 -> 19 ,  69775.87 ,  2.96244E-05 ,  143.32     ,  1.00639E+10
        4 ->  0 ,  40059.77 ,  1.70688E-02 ,  249.63     ,  1.09731E+12
        4 ->  1 ,  41774.38 ,  0.17285     ,  239.38     ,  1.26007E+13
        4 ->  2 ,  43460.18 ,  0.17908     ,  230.10     ,  1.46998E+13
        4 ->  3 ,  45117.18 ,  3.48882E-02 ,  221.65     ,  3.20408E+12
        4 ->  4 ,  46745.38 ,  6.35506E-02 ,  213.92     ,  6.49136E+12
        4 ->  5 ,  48344.77 ,  0.11152     ,  206.85     ,  1.26013E+13
        4 ->  6 ,  49915.38 ,  2.13420E-02 ,  200.34     ,  2.65423E+12
        4 ->  7 ,  51457.18 ,  7.71422E-03 ,  194.34     ,  1.05107E+12
        4 ->  8 ,  52970.18 ,  6.00731E-02 ,  188.79     ,  8.92841E+12
        4 ->  9 ,  54454.38 ,  9.36801E-02 ,  183.64     ,  1.51268E+13
        4 -> 10 ,  55909.77 ,  8.87371E-02 ,  178.86     ,  1.55084E+13
        4 -> 11 ,  57336.38 ,  6.47282E-02 ,  174.41     ,  1.22007E+13
        4 -> 12 ,  58734.18 ,  4.01690E-02 ,  170.26     ,  8.13886E+12
        4 -> 13 ,  60103.18 ,  2.23813E-02 ,  166.38     ,  4.85935E+12
        4 -> 14 ,  61443.38 ,  1.15755E-02 ,  162.75     ,  2.68513E+12
        4 -> 15 ,  62754.77 ,  5.68278E-03 ,  159.35     ,  1.40443E+12
        4 -> 16 ,  64037.38 ,  2.69052E-03 ,  156.16     ,  7.06540E+11
        4 -> 17 ,  65291.18 ,  1.24293E-03 ,  153.16     ,  3.45947E+11
        4 -> 18 ,  66516.17 ,  5.65258E-04 ,  150.34     ,  1.66352E+11
        4 -> 19 ,  67712.38 ,  2.54818E-04 ,  147.68     ,  7.91105E+10
        5 ->  0 ,  38022.86 ,  2.70455E-03 ,  263.00     ,  1.48672E+11
        5 ->  1 ,  39737.46 ,  5.88033E-02 ,  251.65     ,  3.68980E+12
        5 ->  2 ,  41423.27 ,  0.22841     ,  241.41     ,  1.62351E+13
        5 ->  3 ,  43080.27 ,  6.15901E-02 ,  232.12     ,  4.92432E+12
        5 ->  4 ,  44708.46 ,  0.10547     ,  223.67     ,  9.42500E+12
        5 ->  5 ,  46307.86 ,  4.46033E-03 ,  215.95     ,  4.42926E+11
        5 ->  6 ,  47878.46 ,  9.46725E-02 ,  208.86     ,  1.03907E+13
        5 ->  7 ,  49420.27 ,  6.74554E-02 ,  202.35     ,  8.14202E+12
        5 ->  8 ,  50933.27 ,  4.32733E-03 ,  196.34     ,  5.71774E+11
        5 ->  9 ,  52417.46 ,  1.55232E-02 ,  190.78     ,  2.23567E+12
        5 -> 10 ,  53872.86 ,  5.92203E-02 ,  185.62     ,  9.25935E+12
        5 -> 11 ,  55299.46 ,  8.19663E-02 ,  180.83     ,  1.38611E+13
        5 -> 12 ,  56697.27 ,  7.62446E-02 ,  176.38     ,  1.38962E+13
        5 -> 13 ,  58066.27 ,  5.67924E-02 ,  172.22     ,  1.11189E+13
        5 -> 14 ,  59406.46 ,  3.67073E-02 ,  168.33     ,  7.69579E+12
        5 -> 15 ,  60717.87 ,  2.15429E-02 ,  164.70     ,  4.82229E+12
        5 -> 16 ,  62000.46 ,  1.18161E-02 ,  161.29     ,  2.81616E+12
        5 -> 17 ,  63254.27 ,  6.17784E-03 ,  158.09     ,  1.56353E+12
        5 -> 18 ,  64479.27 ,  3.12300E-03 ,  155.09     ,  8.37206E+11
        5 -> 19 ,  65675.47 ,  1.54274E-03 ,  152.26     ,  4.37020E+11
        6 ->  0 ,  36012.54 ,  3.10134E-04 ,  277.68     ,  1.44847E+10
        6 ->  1 ,  37727.13 ,  1.26612E-02 ,  265.06     ,  6.79886E+11
        6 ->  2 ,  39412.93 ,  0.11679     ,  253.72     ,  7.15027E+12
        6 ->  3 ,  41069.93 ,  0.21672     ,  243.49     ,  1.50128E+13
        6 ->  4 ,  42698.13 ,  2.84250E-03 ,  234.20     ,  2.21272E+11
        6 ->  5 ,  44297.54 ,  0.12671     ,  225.75     ,  1.10138E+13
        6 ->  6 ,  45868.13 ,  1.16691E-02 ,  218.02     ,  1.12608E+12
        6 ->  7 ,  47409.93 ,  4.20060E-02 ,  210.93     ,  4.47630E+12
        6 ->  8 ,  48922.93 ,  8.69742E-02 ,  204.40     ,  1.01842E+13
        6 ->  9 ,  50407.13 ,  3.44608E-02 ,  198.38     ,  4.41368E+12
        6 -> 10 ,  51862.54 ,  3.26453E-05 ,  192.82     ,  4.55388E+09
        6 -> 11 ,  53289.13 ,  2.19126E-02 ,  187.66     ,  3.31597E+12
        6 -> 12 ,  54686.93 ,  5.69107E-02 ,  182.86     ,  9.30775E+12
        6 -> 13 ,  56055.93 ,  7.23085E-02 ,  178.39     ,  1.27366E+13
        6 -> 14 ,  57396.13 ,  6.64464E-02 ,  174.23     ,  1.25638E+13
        6 -> 15 ,  58707.54 ,  5.04686E-02 ,  170.34     ,  1.02118E+13
        6 -> 16 ,  59990.13 ,  3.38329E-02 ,  166.69     ,  7.30430E+12
        6 -> 17 ,  61243.93 ,  2.08043E-02 ,  163.28     ,  4.77907E+12
        6 -> 18 ,  62468.94 ,  1.20326E-02 ,  160.08     ,  2.93328E+12
        6 -> 19 ,  63665.13 ,  6.66117E-03 ,  157.07     ,  1.71892E+12
        7 ->  0 ,  34028.79 ,  2.61920E-05 ,  293.87     ,  1.03207E+09
        7 ->  1 ,  35743.38 ,  1.85815E-03 ,  279.77     ,  8.48532E+10
        7 ->  2 ,  37429.18 ,  3.37461E-02 ,  267.17     ,  1.76951E+12
        7 ->  3 ,  39086.18 ,  0.17196     ,  255.84     ,  1.02686E+13
        7 ->  4 ,  40714.38 ,  0.15309     ,  245.61     ,  1.03320E+13
        7 ->  5 ,  42313.79 ,  1.47497E-02 ,  236.33     ,  1.11745E+12
        7 ->  6 ,  43884.38 ,  9.02942E-02 ,  227.87     ,  7.63115E+12
        7 ->  7 ,  45426.18 ,  5.48712E-02 ,  220.14     ,  5.14355E+12
        7 ->  8 ,  46939.18 ,  4.28158E-03 ,  213.04     ,  4.42803E+11
        7 ->  9 ,  48423.38 ,  6.68656E-02 ,  206.51     ,  7.59221E+12
        7 -> 10 ,  49878.79 ,  6.40792E-02 ,  200.49     ,  7.95178E+12
        7 -> 11 ,  51305.38 ,  1.47758E-02 ,  194.91     ,  1.99544E+12
        7 -> 12 ,  52703.18 ,  1.37766E-03 ,  189.74     ,  2.01675E+11
        7 -> 13 ,  54072.18 ,  2.60028E-02 ,  184.94     ,  4.11095E+12
        7 -> 14 ,  55412.38 ,  5.35025E-02 ,  180.47     ,  9.10320E+12
        7 -> 15 ,  56723.79 ,  6.41003E-02 ,  176.29     ,  1.16992E+13
        7 -> 16 ,  58006.38 ,  5.86151E-02 ,  172.39     ,  1.14403E+13
        7 -> 17 ,  59260.18 ,  4.54388E-02 ,  168.75     ,  9.45619E+12
        7 -> 18 ,  60485.18 ,  3.15367E-02 ,  165.33     ,  6.97853E+12
        7 -> 19 ,  61681.38 ,  2.02553E-02 ,  162.12     ,  4.75335E+12
 WARNING: SUM of FCFs = 0.97143     for v"=  7
        8 ->  0 ,  32071.62 ,  1.64219E-06 ,  311.80     ,  5.41734E+07
        8 ->  1 ,  33786.21 ,  1.93168E-04 ,  295.98     ,  7.44997E+09
        8 ->  2 ,  35472.02 ,  6.25787E-03 ,  281.91     ,  2.79309E+11
        8 ->  3 ,  37129.02 ,  6.66674E-02 ,  269.33     ,  3.41235E+12
        8 ->  4 ,  38757.21 ,  0.20454     ,  258.02     ,  1.19081E+13
        8 ->  5 ,  40356.61 ,  7.46783E-02 ,  247.79     ,  4.90838E+12
        8 ->  6 ,  41927.21 ,  6.26614E-02 ,  238.51     ,  4.61836E+12
        8 ->  7 ,  43469.02 ,  3.52350E-02 ,  230.05     ,  2.89410E+12
        8 ->  8 ,  44982.02 ,  8.65480E-02 ,  222.31     ,  7.87723E+12
        8 ->  9 ,  46466.21 ,  5.51608E-03 ,  215.21     ,  5.53405E+11
        8 -> 10 ,  47921.61 ,  2.87645E-02 ,  208.67     ,  3.16556E+12
        8 -> 11 ,  49348.21 ,  6.87661E-02 ,  202.64     ,  8.26397E+12
        8 -> 12 ,  50746.02 ,  4.15634E-02 ,  197.06     ,  5.43146E+12
        8 -> 13 ,  52115.02 ,  4.98402E-03 ,  191.88     ,  7.05454E+11
        8 -> 14 ,  53455.21 ,  4.35610E-03 ,  187.07     ,  6.65378E+11
        8 -> 15 ,  54766.61 ,  2.78665E-02 ,  182.59     ,  4.57751E+12
        8 -> 16 ,  56049.21 ,  4.94328E-02 ,  178.41     ,  8.70410E+12
        8 -> 17 ,  57303.02 ,  5.70253E-02 ,  174.51     ,  1.07300E+13
        8 -> 18 ,  58528.02 ,  5.22580E-02 ,  170.86     ,  1.04772E+13
        8 -> 19 ,  59724.21 ,  4.14246E-02 ,  167.44     ,  8.82490E+12
 WARNING: SUM of FCFs = 0.91874     for v"=  8
        9 ->  0 ,  30141.02 ,  7.64860E-08 ,  331.77     ,  2.09438E+06
        9 ->  1 ,  31855.62 ,  1.45097E-05 ,  313.92     ,  4.69047E+08
        9 ->  2 ,  33541.43 ,  7.91862E-04 ,  298.14     ,  2.98809E+10
        9 ->  3 ,  35198.43 ,  1.55225E-02 ,  284.10     ,  6.76912E+11
        9 ->  4 ,  36826.62 ,  0.10767     ,  271.54     ,  5.37741E+12
        9 ->  5 ,  38426.02 ,  0.20289     ,  260.24     ,  1.15116E+13
        9 ->  6 ,  39996.62 ,  1.74335E-02 ,  250.02     ,  1.11546E+12
        9 ->  7 ,  41538.43 ,  0.10253     ,  240.74     ,  7.34877E+12
        9 ->  8 ,  43051.43 ,  2.42286E-03 ,  232.28     ,  1.93326E+11
        9 ->  9 ,  44535.62 ,  8.21569E-02 ,  224.54     ,  7.25716E+12
        9 -> 10 ,  45991.02 ,  3.44089E-02 ,  217.43     ,  3.34726E+12
        9 -> 11 ,  47417.62 ,  2.80561E-03 ,  210.89     ,  2.99121E+11
        9 -> 12 ,  48815.43 ,  4.75552E-02 ,  204.85     ,  5.53183E+12
        9 -> 13 ,  50184.43 ,  5.81849E-02 ,  199.27     ,  7.35389E+12
        9 -> 14 ,  51524.62 ,  2.48915E-02 ,  194.08     ,  3.40484E+12
        9 -> 15 ,  52836.02 ,  1.06144E-03 ,  189.26     ,  1.56561E+11
        9 -> 16 ,  54118.62 ,  7.05228E-03 ,  184.78     ,  1.11782E+12
        9 -> 17 ,  55372.43 ,  2.79318E-02 ,  180.60     ,  4.74219E+12
        9 -> 18 ,  56597.43 ,  4.50416E-02 ,  176.69     ,  8.16589E+12
        9 -> 19 ,  57793.62 ,  5.08573E-02 ,  173.03     ,  9.81732E+12
 WARNING: SUM of FCFs = 0.83122     for v"=  9
       10 ->  0 ,  28237.01 ,  2.63077E-09 ,  354.15     ,   59230.    
       10 ->  1 ,  29951.62 ,  7.93821E-07 ,  333.87     ,  2.13296E+07
       10 ->  2 ,  31637.41 ,  7.05863E-05 ,  316.08     ,  2.23524E+09
       10 ->  3 ,  33294.41 ,  2.37369E-03 ,  300.35     ,  8.76069E+10
       10 ->  4 ,  34922.61 ,  3.14483E-02 ,  286.35     ,  1.33942E+12
       10 ->  5 ,  36522.02 ,  0.14897     ,  273.81     ,  7.25707E+12
       10 ->  6 ,  38092.61 ,  0.16797     ,  262.52     ,  9.28434E+12
       10 ->  7 ,  39634.41 ,  1.47458E-04 ,  252.31     ,  9.18094E+09
       10 ->  8 ,  41147.41 ,  0.10820     ,  243.03     ,  7.53769E+12
       10 ->  9 ,  42631.61 ,  7.38595E-03 ,  234.57     ,  5.72271E+11
       10 -> 10 ,  44087.02 ,  4.95201E-02 ,  226.82     ,  4.24340E+12
       10 -> 11 ,  45513.61 ,  6.25200E-02 ,  219.71     ,  5.89445E+12
       10 -> 12 ,  46911.41 ,  4.26933E-03 ,  213.17     ,  4.40753E+11
       10 -> 13 ,  48280.41 ,  1.80789E-02 ,  207.12     ,  2.03463E+12
       10 -> 14 ,  49620.61 ,  5.32606E-02 ,  201.53     ,  6.50718E+12
       10 -> 15 ,  50932.02 ,  4.46221E-02 ,  196.34     ,  5.89553E+12
       10 -> 16 ,  52214.61 ,  1.42366E-02 ,  191.52     ,  2.02667E+12
       10 -> 17 ,  53468.41 ,  3.56644E-05 ,  187.03     ,  5.45163E+09
       10 -> 18 ,  54693.41 ,  8.75475E-03 ,  182.84     ,  1.43235E+12
       10 -> 19 ,  55889.61 ,  2.66743E-02 ,  178.92     ,  4.65679E+12
 WARNING: SUM of FCFs = 0.74853     for v"= 10
       11 ->  0 ,  26359.58 ,  6.59922E-11 ,  379.37     ,   1208.7    
       11 ->  1 ,  28074.18 ,  3.16014E-08 ,  356.20     ,  6.99243E+05
       11 ->  2 ,  29759.98 ,  4.50006E-06 ,  336.02     ,  1.18609E+08
       11 ->  3 ,  31416.98 ,  2.49403E-04 ,  318.30     ,  7.73383E+09
       11 ->  4 ,  33045.18 ,  5.78842E-03 ,  302.62     ,  2.08874E+11
       11 ->  5 ,  34644.59 ,  5.48249E-02 ,  288.65     ,  2.27973E+12
       11 ->  6 ,  36215.18 ,  0.18083     ,  276.13     ,  8.58898E+12
       11 ->  7 ,  37756.98 ,  0.11239     ,  264.85     ,  6.04929E+12
       11 ->  8 ,  39269.98 ,  1.99226E-02 ,  254.65     ,  1.20650E+12
       11 ->  9 ,  40754.18 ,  8.01696E-02 ,  245.37     ,  5.42658E+12
       11 -> 10 ,  42209.59 ,  3.78531E-02 ,  236.91     ,  2.84665E+12
       11 -> 11 ,  43636.18 ,  1.45621E-02 ,  229.17     ,  1.20994E+12
       11 -> 12 ,  45033.98 ,  6.80292E-02 ,  222.05     ,  6.21321E+12
       11 -> 13 ,  46402.98 ,  2.64428E-02 ,  215.50     ,  2.64207E+12
       11 -> 14 ,  47743.18 ,  9.31303E-04 ,  209.45     ,  1.01350E+11
       11 -> 15 ,  49054.59 ,  3.17105E-02 ,  203.85     ,  3.74319E+12
       11 -> 16 ,  50337.18 ,  5.01589E-02 ,  198.66     ,  6.39757E+12
       11 -> 17 ,  51590.98 ,  3.27573E-02 ,  193.83     ,  4.49811E+12
       11 -> 18 ,  52815.98 ,  8.05376E-03 ,  189.34     ,  1.18657E+12
       11 -> 19 ,  54012.18 ,  1.23065E-04 ,  185.14     ,  1.93915E+10
 WARNING: SUM of FCFs = 0.72480     for v"= 11
       12 ->  0 ,  24508.73 ,  1.18334E-12 ,  408.02     ,   17.421    
       12 ->  1 ,  26223.33 ,  9.07198E-10 ,  381.34     ,   16359.    
       12 ->  2 ,  27909.13 ,  2.05942E-07 ,  358.31     ,  4.47696E+06
       12 ->  3 ,  29566.13 ,  1.84164E-05 ,  338.22     ,  4.75979E+08
       12 ->  4 ,  31194.33 ,  7.13568E-04 ,  320.57     ,  2.16602E+10
       12 ->  5 ,  32793.73 ,  1.21318E-02 ,  304.94     ,  4.27856E+11
       12 ->  6 ,  34364.34 ,  8.47224E-02 ,  291.00     ,  3.43813E+12
       12 ->  7 ,  35906.13 ,  0.19455     ,  278.50     ,  9.00602E+12
       12 ->  8 ,  37419.13 ,  5.50798E-02 ,  267.24     ,  2.88585E+12
       12 ->  9 ,  38903.34 ,  5.78746E-02 ,  257.05     ,  3.40760E+12
       12 -> 10 ,  40358.73 ,  3.83965E-02 ,  247.78     ,  2.52408E+12
       12 -> 11 ,  41785.34 ,  6.81908E-02 ,  239.32     ,  4.97505E+12
       12 -> 12 ,  43183.13 ,  1.16979E-05 ,  231.57     ,  9.41995E+08
       12 -> 13 ,  44552.13 ,  4.88717E-02 ,  224.46     ,  4.32179E+12
       12 -> 14 ,  45892.34 ,  4.95027E-02 ,  217.90     ,  4.78464E+12
       12 -> 15 ,  47203.73 ,  5.32005E-03 ,  211.85     ,  5.59558E+11
       12 -> 16 ,  48486.34 ,  9.09956E-03 ,  206.24     ,  1.03724E+12
       12 -> 17 ,  49740.13 ,  3.83905E-02 ,  201.04     ,  4.72437E+12
       12 -> 18 ,  50965.13 ,  4.34755E-02 ,  196.21     ,  5.75525E+12
       12 -> 19 ,  52161.34 ,  2.39346E-02 ,  191.71     ,  3.39682E+12
 WARNING: SUM of FCFs = 0.73028     for v"= 12
       13 ->  0 ,  22684.46 ,  1.47269E-14 ,  440.83     ,  0.17191    
       13 ->  1 ,  24399.06 ,  1.84570E-11 ,  409.85     ,   268.09    
       13 ->  2 ,  26084.86 ,  6.72686E-09 ,  383.36     ,  1.19393E+05
       13 ->  3 ,  27741.86 ,  9.63740E-07 ,  360.47     ,  2.05763E+07
       13 ->  4 ,  29370.06 ,  6.07558E-05 ,  340.48     ,  1.53923E+09
       13 ->  5 ,  30969.46 ,  1.74974E-03 ,  322.90     ,  5.19727E+10
       13 ->  6 ,  32540.06 ,  2.25723E-02 ,  307.31     ,  7.77734E+11
       13 ->  7 ,  34081.86 ,  0.11813     ,  293.41     ,  4.67640E+12
       13 ->  8 ,  35594.86 ,  0.18542     ,  280.94     ,  8.36208E+12
       13 ->  9 ,  37079.06 ,  1.40638E-02 ,  269.69     ,  7.16949E+11
       13 -> 10 ,  38534.46 ,  9.04570E-02 ,  259.51     ,  5.17595E+12
       13 -> 11 ,  39961.06 ,  7.12596E-03 ,  250.24     ,  4.54731E+11
       13 -> 12 ,  41358.86 ,  7.76558E-02 ,  241.79     ,  5.49389E+12
       13 -> 13 ,  42727.86 ,  1.14736E-02 ,  234.04     ,  8.95020E+11
       13 -> 14 ,  44068.06 ,  2.02533E-02 ,  226.92     ,  1.73328E+12
       13 -> 15 ,  45379.46 ,  5.60653E-02 ,  220.36     ,  5.23928E+12
       13 -> 16 ,  46662.07 ,  2.46180E-02 ,  214.31     ,  2.50118E+12
       13 -> 17 ,  47915.86 ,  3.35637E-07 ,  208.70     ,  3.69239E+07
       13 -> 18 ,  49140.86 ,  1.79559E-02 ,  203.50     ,  2.13077E+12
       13 -> 19 ,  50337.07 ,  3.93833E-02 ,  198.66     ,  5.02315E+12
 WARNING: SUM of FCFs = 0.68698     for v"= 13
       14 ->  0 ,  20886.77 ,  1.21845E-16 ,  478.77     ,  1.11025E-03
       14 ->  1 ,  22601.38 ,  2.58936E-13 ,  442.45     ,   2.9895    
       14 ->  2 ,  24287.17 ,  1.54507E-10 ,  411.74     ,   2213.5    
       14 ->  3 ,  25944.17 ,  3.56512E-08 ,  385.44     ,  6.22578E+05
       14 ->  4 ,  27572.38 ,  3.62052E-06 ,  362.68     ,  7.58916E+07
       14 ->  5 ,  29171.77 ,  1.71231E-04 ,  342.80     ,  4.25080E+09
       14 ->  6 ,  30742.38 ,  3.80432E-03 ,  325.28     ,  1.10532E+11
       14 ->  7 ,  32284.17 ,  3.80556E-02 ,  309.75     ,  1.28052E+12
       14 ->  8 ,  33797.17 ,  0.15013     ,  295.88     ,  5.79561E+12
       14 ->  9 ,  35281.38 ,  0.15462     ,  283.44     ,  6.79066E+12
       14 -> 10 ,  36736.77 ,  1.94853E-06 ,  272.21     ,  9.66071E+07
       14 -> 11 ,  38163.38 ,  0.10071     ,  262.03     ,  5.59792E+12
       14 -> 12 ,  39561.18 ,  1.08654E-03 ,  252.77     ,  6.72747E+10
       14 -> 13 ,  40930.18 ,  6.17059E-02 ,  244.32     ,  4.23114E+12
       14 -> 14 ,  42270.38 ,  3.69646E-02 ,  236.57     ,  2.79186E+12
       14 -> 15 ,  43581.77 ,  1.73304E-03 ,  229.45     ,  1.43457E+11
       14 -> 16 ,  44864.38 ,  4.23996E-02 ,  222.89     ,  3.82883E+12
       14 -> 17 ,  46118.18 ,  4.28901E-02 ,  216.83     ,  4.20701E+12
       14 -> 18 ,  47343.18 ,  8.41252E-03 ,  211.22     ,  8.92685E+11
       14 -> 19 ,  48539.38 ,  2.55771E-03 ,  206.02     ,  2.92505E+11
 WARNING: SUM of FCFs = 0.64525     for v"= 14
       15 ->  0 ,  19115.66 ,  6.26802E-19 ,  523.13     ,  4.37823E-06
       15 ->  1 ,  20830.26 ,  2.40455E-15 ,  480.07     ,  2.17329E-02
       15 ->  2 ,  22516.06 ,  2.43296E-12 ,  444.13     ,   27.772    
       15 ->  3 ,  24173.06 ,  9.20670E-10 ,  413.68     ,   13005.    
       15 ->  4 ,  25801.26 ,  1.51112E-07 ,  387.58     ,  2.59551E+06
       15 ->  5 ,  27400.66 ,  1.15828E-05 ,  364.95     ,  2.38284E+08
       15 ->  6 ,  28971.26 ,  4.27002E-04 ,  345.17     ,  1.03832E+10
       15 ->  7 ,  30513.06 ,  7.49743E-03 ,  327.73     ,  2.12995E+11
       15 ->  8 ,  32026.06 ,  5.89247E-02 ,  312.25     ,  1.93557E+12
       15 ->  9 ,  33510.27 ,  0.17477     ,  298.42     ,  6.57640E+12
       15 -> 10 ,  34965.66 ,  0.10937     ,  285.99     ,  4.67546E+12
       15 -> 11 ,  36392.27 ,  1.28768E-02 ,  274.78     ,  6.20632E+11
       15 -> 12 ,  37790.06 ,  8.48711E-02 ,  264.62     ,  4.58029E+12
       15 -> 13 ,  39159.06 ,  1.92115E-02 ,  255.37     ,  1.15361E+12
       15 -> 14 ,  40499.27 ,  3.19375E-02 ,  246.92     ,  2.12150E+12
       15 -> 15 ,  41810.66 ,  5.71932E-02 ,  239.17     ,  4.18028E+12
       15 -> 16 ,  43093.27 ,  3.79194E-03 ,  232.05     ,  3.03452E+11
       15 -> 17 ,  44347.06 ,  1.90866E-02 ,  225.49     ,  1.66465E+12
       15 -> 18 ,  45572.06 ,  4.66729E-02 ,  219.43     ,  4.41734E+12
       15 -> 19 ,  46768.27 ,  2.60973E-02 ,  213.82     ,  2.66962E+12
 WARNING: SUM of FCFs = 0.65274     for v"= 15
       16 ->  0 ,  17371.13 ,  1.93896E-21 ,  575.67     ,  1.01638E-08
       16 ->  1 ,  19085.73 ,  1.38820E-17 ,  523.95     ,  9.65111E-05
       16 ->  2 ,  20771.53 ,  2.52591E-14 ,  481.43     ,  0.22637    
       16 ->  3 ,  22428.53 ,  1.62133E-11 ,  445.86     ,   182.92    
       16 ->  4 ,  24056.73 ,  4.37276E-09 ,  415.68     ,   60879.    
       16 ->  5 ,  25656.13 ,  5.43818E-07 ,  389.77     ,  9.18390E+06
       16 ->  6 ,  27226.73 ,  3.27106E-05 ,  367.29     ,  6.60199E+08
       16 ->  7 ,  28768.53 ,  9.64137E-04 ,  347.60     ,  2.29558E+10
       16 ->  8 ,  30281.53 ,  1.35956E-02 ,  330.23     ,  3.77512E+11
       16 ->  9 ,  31765.73 ,  8.45389E-02 ,  314.80     ,  2.70978E+12
       16 -> 10 ,  33221.13 ,  0.18638     ,  301.01     ,  6.83363E+12
       16 -> 11 ,  34647.73 ,  6.10778E-02 ,  288.62     ,  2.54044E+12
       16 -> 12 ,  36045.54 ,  4.27847E-02 ,  277.43     ,  2.00375E+12
       16 -> 13 ,  37414.54 ,  5.22395E-02 ,  267.28     ,  2.73603E+12
       16 -> 14 ,  38754.73 ,  4.74820E-02 ,  258.03     ,  2.76378E+12
       16 -> 15 ,  40066.13 ,  6.92823E-03 ,  249.59     ,  4.45610E+11
       16 -> 16 ,  41348.73 ,  5.86064E-02 ,  241.85     ,  4.14316E+12
       16 -> 17 ,  42602.54 ,  2.21421E-02 ,  234.73     ,  1.71209E+12
       16 -> 18 ,  43827.54 ,  2.27965E-03 ,  228.17     ,  1.91915E+11
       16 -> 19 ,  45023.73 ,  3.38238E-02 ,  222.11     ,  3.08708E+12
 WARNING: SUM of FCFs = 0.61288     for v"= 16
       17 ->  0 ,  15653.18 ,  3.64255E-24 ,  638.85     ,  1.39705E-11
       17 ->  1 ,  17367.78 ,  4.64458E-20 ,  575.78     ,  2.43321E-07
       17 ->  2 ,  19053.58 ,  1.62882E-16 ,  524.84     ,  1.12669E-03
       17 ->  3 ,  20710.58 ,  1.87580E-13 ,  482.84     ,   1.6663    
       17 ->  4 ,  22338.78 ,  8.58579E-11 ,  447.65     ,   957.10    
       17 ->  5 ,  23938.18 ,  1.75846E-08 ,  417.74     ,  2.41217E+05
       17 ->  6 ,  25508.78 ,  1.72356E-06 ,  392.02     ,  2.86085E+07
       17 ->  7 ,  27050.58 ,  8.35081E-05 ,  369.68     ,  1.65295E+09
       17 ->  8 ,  28563.58 ,  2.00281E-03 ,  350.10     ,  4.66743E+10
       17 ->  9 ,  30047.78 ,  2.29242E-02 ,  332.80     ,  6.21915E+11
       17 -> 10 ,  31503.18 ,  0.11300     ,  317.43     ,  3.53313E+12
       17 -> 11 ,  32929.79 ,  0.18123     ,  303.68     ,  6.47120E+12
       17 -> 12 ,  34327.59 ,  2.20822E-02 ,  291.31     ,  8.93246E+11
       17 -> 13 ,  35696.59 ,  7.43735E-02 ,  280.14     ,  3.38297E+12
       17 -> 14 ,  37036.79 ,  1.93104E-02 ,  270.00     ,  9.81049E+11
       17 -> 15 ,  38348.18 ,  6.80189E-02 ,  260.77     ,  3.83587E+12
       17 -> 16 ,  39630.79 ,  4.56427E-04 ,  252.33     ,  2.84099E+10
       17 -> 17 ,  40884.59 ,  4.11576E-02 ,  244.59     ,  2.81273E+12
       17 -> 18 ,  42109.59 ,  4.21485E-02 ,  237.48     ,  3.14721E+12
       17 -> 19 ,  43305.79 ,  2.28244E-03 ,  230.92     ,  1.85369E+11
 WARNING: SUM of FCFs = 0.58907     for v"= 17
       18 ->  0 ,  13961.81 ,  1.48004E-24 ,  716.24     ,  4.02809E-12
       18 ->  1 ,  15676.41 ,  7.03454E-23 ,  637.90     ,  2.71004E-10
       18 ->  2 ,  17362.21 ,  5.99054E-19 ,  575.96     ,  3.13532E-06
       18 ->  3 ,  19019.21 ,  1.34615E-15 ,  525.78     ,  9.26128E-03
       18 ->  4 ,  20647.41 ,  1.10390E-12 ,  484.32     ,   9.7169    
       18 ->  5 ,  22246.81 ,  3.83985E-10 ,  449.50     ,   4227.8    
       18 ->  6 ,  23817.41 ,  6.21381E-08 ,  419.86     ,  8.39541E+05
       18 ->  7 ,  25359.21 ,  4.92941E-06 ,  394.33     ,  8.03901E+07
       18 ->  8 ,  26872.21 ,  1.95955E-04 ,  372.13     ,  3.80248E+09
       18 ->  9 ,  28356.41 ,  3.87171E-03 ,  352.65     ,  8.82789E+10
       18 -> 10 ,  29811.81 ,  3.62095E-02 ,  335.44     ,  9.59373E+11
       18 -> 11 ,  31238.41 ,  0.14115     ,  320.12     ,  4.30265E+12
       18 -> 12 ,  32636.21 ,  0.15881     ,  306.41     ,  5.52035E+12
       18 -> 13 ,  34005.21 ,  1.82948E-03 ,  294.07     ,  7.19391E+10
       18 -> 14 ,  35345.41 ,  9.31322E-02 ,  282.92     ,  4.11244E+12
       18 -> 15 ,  36656.81 ,  1.24107E-03 ,  272.80     ,  6.11307E+10
       18 -> 16 ,  37939.41 ,  6.90732E-02 ,  263.58     ,  3.77209E+12
       18 -> 17 ,  39193.21 ,  1.39136E-02 ,  255.15     ,  8.37668E+11
       18 -> 18 ,  40418.21 ,  1.69253E-02 ,  247.41     ,  1.11755E+12
       18 -> 19 ,  41614.41 ,  4.94095E-02 ,  240.30     ,  3.56076E+12
 WARNING: SUM of FCFs = 0.58576     for v"= 18
       19 ->  0 ,  12297.02 ,  1.76490E-24 ,  813.20     ,  3.28186E-12
       19 ->  1 ,  14011.62 ,  5.58907E-25 ,  713.69     ,  1.53746E-12
       19 ->  2 ,  15697.42 ,  1.10392E-21 ,  637.05     ,  4.26996E-09
       19 ->  3 ,  17354.42 ,  5.49153E-18 ,  576.22     ,  2.87028E-05
       19 ->  4 ,  18982.62 ,  8.79231E-15 ,  526.80     ,  6.01411E-02
       19 ->  5 ,  20582.02 ,  5.47378E-12 ,  485.86     ,   47.726    
       19 ->  6 ,  22152.62 ,  1.50585E-09 ,  451.41     ,   16370.    
       19 ->  7 ,  23694.42 ,  1.97791E-07 ,  422.04     ,  2.63115E+06
       19 ->  8 ,  25207.42 ,  1.29422E-05 ,  396.71     ,  2.07297E+08
       19 ->  9 ,  26691.62 ,  4.27780E-04 ,  374.65     ,  8.13477E+09
       19 -> 10 ,  28147.02 ,  7.02384E-03 ,  355.28     ,  1.56629E+11
       19 -> 11 ,  29573.62 ,  5.38551E-02 ,  338.14     ,  1.39297E+12
       19 -> 12 ,  30971.42 ,  0.16482     ,  322.88     ,  4.89644E+12
       19 -> 13 ,  32340.42 ,  0.12262     ,  309.21     ,  4.14745E+12
       19 -> 14 ,  33680.62 ,  3.80616E-03 ,  296.91     ,  1.45421E+11
       19 -> 15 ,  34992.02 ,  9.10841E-02 ,  285.78     ,  3.90256E+12
       19 -> 16 ,  36274.62 ,  4.71461E-03 ,  275.67     ,  2.25037E+11
       19 -> 17 ,  37528.42 ,  5.07841E-02 ,  266.46     ,  2.68416E+12
       19 -> 18 ,  38753.42 ,  3.66296E-02 ,  258.04     ,  2.13188E+12
       19 -> 19 ,  39949.62 ,  1.40743E-03 ,  250.32     ,  8.97356E+10
 WARNING: SUM of FCFs = 0.53718     for v"= 19
