
 Morse potential parameters:
 De =  10.981     eV
 alpha  =  2.3256    /Angst

 Morse potential parameters:
 De =  3.6827     eV
 alpha  =  2.8098    /Angst
  Beta:   2.32562416  2.80981623 /Angst
  K:      163.266371  78.257731
  Re:     1.12829995  1.23500001 Angst
 Nmax = 19 19
        0 ->  0 ,  64748.47 ,  0.11172     ,  154.44     ,  3.03273E+13
        0 ->  1 ,  66227.87 ,  0.21104     ,  150.99     ,  6.13047E+13
        0 ->  2 ,  67668.47 ,  0.22453     ,  147.78     ,  6.95717E+13
        0 ->  3 ,  69070.27 ,  0.17888     ,  144.78     ,  5.89430E+13
        0 ->  4 ,  70433.27 ,  0.11972     ,  141.98     ,  4.18321E+13
        0 ->  5 ,  71757.47 ,  7.16097E-02 ,  139.36     ,  2.64590E+13
        0 ->  6 ,  73042.87 ,  3.97653E-02 ,  136.91     ,  1.54967E+13
        0 ->  7 ,  74289.47 ,  2.10304E-02 ,  134.61     ,  8.62243E+12
        0 ->  8 ,  75497.27 ,  1.07845E-02 ,  132.46     ,  4.64081E+12
        0 ->  9 ,  76666.27 ,  5.43310E-03 ,  130.44     ,  2.44828E+12
        0 -> 10 ,  77796.47 ,  2.71544E-03 ,  128.54     ,  1.27856E+12
        0 -> 11 ,  78887.87 ,  1.35644E-03 ,  126.76     ,  6.65936E+11
        0 -> 12 ,  79940.47 ,  6.81096E-04 ,  125.09     ,  3.47943E+11
        0 -> 13 ,  80954.27 ,  3.45278E-04 ,  123.53     ,  1.83184E+11
        0 -> 14 ,  81929.27 ,  1.77321E-04 ,  122.06     ,  9.75163E+10
        0 -> 15 ,  82865.47 ,  9.24959E-05 ,  120.68     ,  5.26312E+10
        0 -> 16 ,  83762.87 ,  4.91055E-05 ,  119.38     ,  2.88592E+10
        0 -> 17 ,  84621.47 ,  2.65733E-05 ,  118.17     ,  1.61023E+10
        0 -> 18 ,  85441.27 ,  1.46744E-05 ,  117.04     ,  9.15301E+09
        0 -> 19 ,  86222.27 ,  8.27615E-06 ,  115.98     ,  5.30502E+09
        1 ->  0 ,  62605.24 ,  0.25977     ,  159.73     ,  6.37410E+13
        1 ->  1 ,  64084.64 ,  0.15603     ,  156.04     ,  4.10658E+13
        1 ->  2 ,  65525.24 ,  1.44244E-02 ,  152.61     ,  4.05809E+12
        1 ->  3 ,  66927.04 ,  1.60342E-02 ,  149.42     ,  4.80676E+12
        1 ->  4 ,  68290.04 ,  7.72428E-02 ,  146.43     ,  2.45997E+13
        1 ->  5 ,  69614.23 ,  0.11407     ,  143.65     ,  3.84839E+13
        1 ->  6 ,  70899.64 ,  0.11221     ,  141.04     ,  3.99921E+13
        1 ->  7 ,  72146.23 ,  8.92266E-02 ,  138.61     ,  3.35070E+13
        1 ->  8 ,  73354.04 ,  6.23867E-02 ,  136.33     ,  2.46243E+13
        1 ->  9 ,  74523.04 ,  4.01651E-02 ,  134.19     ,  1.66234E+13
        1 -> 10 ,  75653.23 ,  2.45022E-02 ,  132.18     ,  1.06093E+13
        1 -> 11 ,  76744.64 ,  1.44381E-02 ,  130.30     ,  6.52613E+12
        1 -> 12 ,  77797.23 ,  8.33048E-03 ,  128.54     ,  3.92249E+12
        1 -> 13 ,  78811.04 ,  4.75328E-03 ,  126.89     ,  2.32678E+12
        1 -> 14 ,  79786.04 ,  2.70216E-03 ,  125.34     ,  1.37244E+12
        1 -> 15 ,  80722.23 ,  1.53913E-03 ,  123.88     ,  8.09571E+11
        1 -> 16 ,  81619.64 ,  8.82208E-04 ,  122.52     ,  4.79684E+11
        1 -> 17 ,  82478.23 ,  5.10563E-04 ,  121.24     ,  2.86462E+11
        1 -> 18 ,  83298.04 ,  2.99110E-04 ,  120.05     ,  1.72876E+11
        1 -> 19 ,  84079.04 ,  1.77736E-04 ,  118.94     ,  1.05642E+11
        2 ->  0 ,  60488.59 ,  0.28474     ,  165.32     ,  6.30192E+13
        2 ->  1 ,  61967.99 ,  3.72617E-03 ,  161.37     ,  8.86675E+11
        2 ->  2 ,  63408.59 ,  8.52501E-02 ,  157.71     ,  2.17340E+13
        2 ->  3 ,  64810.39 ,  0.11774     ,  154.30     ,  3.20530E+13
        2 ->  4 ,  66173.39 ,  4.06523E-02 ,  151.12     ,  1.17797E+13
        2 ->  5 ,  67497.59 ,  9.26070E-05 ,  148.15     ,  2.84779E+10
        2 ->  6 ,  68782.98 ,  2.19833E-02 ,  145.38     ,  7.15380E+12
        2 ->  7 ,  70029.59 ,  5.98480E-02 ,  142.80     ,  2.05539E+13
        2 ->  8 ,  71237.39 ,  8.09229E-02 ,  140.38     ,  2.92547E+13
        2 ->  9 ,  72406.39 ,  8.08223E-02 ,  138.11     ,  3.06805E+13
        2 -> 10 ,  73536.59 ,  6.80434E-02 ,  135.99     ,  2.70580E+13
        2 -> 11 ,  74627.98 ,  5.14643E-02 ,  134.00     ,  2.13900E+13
        2 -> 12 ,  75680.59 ,  3.62803E-02 ,  132.13     ,  1.57262E+13
        2 -> 13 ,  76694.39 ,  2.44080E-02 ,  130.39     ,  1.10109E+13
        2 -> 14 ,  77669.39 ,  1.59261E-02 ,  128.75     ,  7.46209E+12
        2 -> 15 ,  78605.59 ,  1.01963E-02 ,  127.22     ,  4.95225E+12
        2 -> 16 ,  79502.98 ,  6.46017E-03 ,  125.78     ,  3.24634E+12
        2 -> 17 ,  80361.59 ,  4.07680E-03 ,  124.44     ,  2.11575E+12
        2 -> 18 ,  81181.39 ,  2.57521E-03 ,  123.18     ,  1.37779E+12
        2 -> 19 ,  81962.39 ,  1.63446E-03 ,  122.01     ,  8.99948E+11
        3 ->  0 ,  58398.52 ,  0.19685     ,  171.24     ,  3.92054E+13
        3 ->  1 ,  59877.92 ,  7.34430E-02 ,  167.01     ,  1.57671E+13
        3 ->  2 ,  61318.52 ,  0.11868     ,  163.08     ,  2.73621E+13
        3 ->  3 ,  62720.32 ,  1.85009E-03 ,  159.44     ,  4.56476E+11
        3 ->  4 ,  64083.32 ,  4.93930E-02 ,  156.05     ,  1.29987E+13
        3 ->  5 ,  65407.52 ,  8.99817E-02 ,  152.89     ,  2.51789E+13
        3 ->  6 ,  66692.92 ,  5.06358E-02 ,  149.94     ,  1.50209E+13
        3 ->  7 ,  67939.52 ,  7.04384E-03 ,  147.19     ,  2.20890E+12
        3 ->  8 ,  69147.32 ,  3.09958E-03 ,  144.62     ,  1.02478E+12
        3 ->  9 ,  70316.32 ,  2.57226E-02 ,  142.21     ,  8.94300E+12
        3 -> 10 ,  71446.52 ,  4.95837E-02 ,  139.96     ,  1.80835E+13
        3 -> 11 ,  72537.92 ,  6.17651E-02 ,  137.86     ,  2.35743E+13
        3 -> 12 ,  73590.52 ,  6.16918E-02 ,  135.89     ,  2.45863E+13
        3 -> 13 ,  74604.32 ,  5.39612E-02 ,  134.04     ,  2.24065E+13
        3 -> 14 ,  75579.32 ,  4.33056E-02 ,  132.31     ,  1.86962E+13
        3 -> 15 ,  76515.52 ,  3.28032E-02 ,  130.69     ,  1.46948E+13
        3 -> 16 ,  77412.92 ,  2.38972E-02 ,  129.18     ,  1.10863E+13
        3 -> 17 ,  78271.52 ,  1.69644E-02 ,  127.76     ,  8.13486E+12
        3 -> 18 ,  79091.32 ,  1.18480E-02 ,  126.44     ,  5.86179E+12
        3 -> 19 ,  79872.32 ,  8.19893E-03 ,  125.20     ,  4.17778E+12
 WARNING: SUM of FCFs = 0.98072     for v"=  3
        4 ->  0 ,  56335.03 ,  9.68072E-02 ,  177.51     ,  1.73079E+13
        4 ->  1 ,  57814.43 ,  0.19100     ,  172.97     ,  3.69106E+13
        4 ->  2 ,  59255.03 ,  7.05945E-03 ,  168.76     ,  1.46875E+12
        4 ->  3 ,  60656.83 ,  8.34002E-02 ,  164.86     ,  1.86126E+13
        4 ->  4 ,  62019.83 ,  7.29100E-02 ,  161.24     ,  1.73932E+13
        4 ->  5 ,  63344.03 ,  1.17423E-03 ,  157.87     ,  2.98449E+11
        4 ->  6 ,  64629.43 ,  3.19197E-02 ,  154.73     ,  8.61688E+12
        4 ->  7 ,  65876.03 ,  6.97588E-02 ,  151.80     ,  1.99426E+13
        4 ->  8 ,  67083.83 ,  5.33718E-02 ,  149.07     ,  1.61126E+13
        4 ->  9 ,  68252.83 ,  1.73917E-02 ,  146.51     ,  5.52974E+12
        4 -> 10 ,  69383.03 ,  2.76192E-04 ,  144.13     ,  9.22509E+10
        4 -> 11 ,  70474.43 ,  6.99384E-03 ,  141.90     ,  2.44799E+12
        4 -> 12 ,  71527.03 ,  2.43018E-02 ,  139.81     ,  8.89303E+12
        4 -> 13 ,  72540.83 ,  3.96428E-02 ,  137.85     ,  1.51325E+13
        4 -> 14 ,  73515.83 ,  4.75594E-02 ,  136.03     ,  1.88964E+13
        4 -> 15 ,  74452.03 ,  4.81429E-02 ,  134.31     ,  1.98683E+13
        4 -> 16 ,  75349.43 ,  4.38127E-02 ,  132.72     ,  1.87430E+13
        4 -> 17 ,  76208.03 ,  3.71461E-02 ,  131.22     ,  1.64405E+13
        4 -> 18 ,  77027.83 ,  3.00067E-02 ,  129.82     ,  1.37139E+13
        4 -> 19 ,  77808.83 ,  2.34482E-02 ,  128.52     ,  1.10458E+13
 WARNING: SUM of FCFs = 0.92613     for v"=  4
        5 ->  0 ,  54298.12 ,  3.61829E-02 ,  184.17     ,  5.79240E+12
        5 ->  1 ,  55777.52 ,  0.18683     ,  179.28     ,  3.24202E+13
        5 ->  2 ,  57218.12 ,  5.11500E-02 ,  174.77     ,  9.58179E+12
        5 ->  3 ,  58619.92 ,  8.96524E-02 ,  170.59     ,  1.80592E+13
        5 ->  4 ,  59982.92 ,  2.70393E-03 ,  166.71     ,  5.83550E+11
        5 ->  5 ,  61307.12 ,  7.63043E-02 ,  163.11     ,  1.75825E+13
        5 ->  6 ,  62592.52 ,  5.18568E-02 ,  159.76     ,  1.27166E+13
        5 ->  7 ,  63839.12 ,  1.38013E-03 ,  156.64     ,  3.59072E+11
        5 ->  8 ,  65046.92 ,  1.97968E-02 ,  153.74     ,  5.44848E+12
        5 ->  9 ,  66215.92 ,  5.29832E-02 ,  151.02     ,  1.53824E+13
        5 -> 10 ,  67346.12 ,  5.19204E-02 ,  148.49     ,  1.58590E+13
        5 -> 11 ,  68437.52 ,  2.70624E-02 ,  146.12     ,  8.67461E+12
        5 -> 12 ,  69490.12 ,  5.69550E-03 ,  143.91     ,  1.91118E+12
        5 -> 13 ,  70503.92 ,  1.69145E-04 ,  141.84     ,  5.92786E+10
        5 -> 14 ,  71478.92 ,  7.45941E-03 ,  139.90     ,  2.72420E+12
        5 -> 15 ,  72415.12 ,  1.94208E-02 ,  138.09     ,  7.37486E+12
        5 -> 16 ,  73312.52 ,  2.97421E-02 ,  136.40     ,  1.17194E+13
        5 -> 17 ,  74171.12 ,  3.56959E-02 ,  134.82     ,  1.45654E+13
        5 -> 18 ,  74990.92 ,  3.72045E-02 ,  133.35     ,  1.56899E+13
        5 -> 19 ,  75771.92 ,  3.54167E-02 ,  131.98     ,  1.54075E+13
 WARNING: SUM of FCFs = 0.81862     for v"=  5
        6 ->  0 ,  52287.79 ,  1.07153E-02 ,  191.25     ,  1.53181E+12
        6 ->  1 ,  53767.19 ,  0.11112     ,  185.99     ,  1.72727E+13
        6 ->  2 ,  55207.79 ,  0.15987     ,  181.13     ,  2.69013E+13
        6 ->  3 ,  56609.59 ,  1.97732E-03 ,  176.65     ,  3.58713E+11
        6 ->  4 ,  57972.59 ,  9.24527E-02 ,  172.50     ,  1.80131E+13
        6 ->  5 ,  59296.79 ,  3.19543E-02 ,  168.64     ,  6.66229E+12
        6 ->  6 ,  60582.19 ,  1.21661E-02 ,  165.07     ,  2.70513E+12
        6 ->  7 ,  61828.79 ,  6.54370E-02 ,  161.74     ,  1.54666E+13
        6 ->  8 ,  63036.59 ,  4.18025E-02 ,  158.64     ,  1.04708E+13
        6 ->  9 ,  64205.59 ,  2.52871E-03 ,  155.75     ,  6.69296E+11
        6 -> 10 ,  65335.79 ,  1.03312E-02 ,  153.06     ,  2.88141E+12
        6 -> 11 ,  66427.19 ,  3.75733E-02 ,  150.54     ,  1.10133E+13
        6 -> 12 ,  67479.79 ,  4.66472E-02 ,  148.19     ,  1.43333E+13
        6 -> 13 ,  68493.59 ,  3.39240E-02 ,  146.00     ,  1.09008E+13
        6 -> 14 ,  69468.59 ,  1.49244E-02 ,  143.95     ,  5.00338E+12
        6 -> 15 ,  70404.79 ,  2.55831E-03 ,  142.04     ,  8.92813E+11
        6 -> 16 ,  71302.19 ,  2.78258E-04 ,  140.25     ,  1.00869E+11
        6 -> 17 ,  72160.79 ,  5.22540E-03 ,  138.58     ,  1.96347E+12
        6 -> 18 ,  72980.59 ,  1.29402E-02 ,  137.02     ,  5.02993E+12
        6 -> 19 ,  73761.59 ,  2.00430E-02 ,  135.57     ,  8.04366E+12
 WARNING: SUM of FCFs = 0.71448     for v"=  6
        7 ->  0 ,  50304.04 ,  2.58615E-03 ,  198.79     ,  3.29202E+11
        7 ->  1 ,  51783.44 ,  4.68638E-02 ,  193.11     ,  6.50744E+12
        7 ->  2 ,  53224.04 ,  0.16852     ,  187.89     ,  2.54082E+13
        7 ->  3 ,  54625.84 ,  5.69919E-02 ,  183.06     ,  9.28982E+12
        7 ->  4 ,  55988.84 ,  6.09681E-02 ,  178.61     ,  1.07006E+13
        7 ->  5 ,  57313.04 ,  2.07782E-02 ,  174.48     ,  3.91172E+12
        7 ->  6 ,  58598.44 ,  7.65677E-02 ,  170.65     ,  1.54065E+13
        7 ->  7 ,  59845.04 ,  1.01725E-02 ,  167.10     ,  2.18029E+12
        7 ->  8 ,  61052.84 ,  1.67616E-02 ,  163.79     ,  3.81447E+12
        7 ->  9 ,  62221.84 ,  5.51247E-02 ,  160.72     ,  1.32793E+13
        7 -> 10 ,  63352.04 ,  3.75534E-02 ,  157.85     ,  9.54841E+12
        7 -> 11 ,  64443.44 ,  5.11538E-03 ,  155.17     ,  1.36903E+12
        7 -> 12 ,  65496.04 ,  3.45014E-03 ,  152.68     ,  9.69353E+11
        7 -> 13 ,  66509.84 ,  2.30333E-02 ,  150.35     ,  6.77664E+12
        7 -> 14 ,  67484.84 ,  3.73796E-02 ,  148.18     ,  1.14882E+13
        7 -> 15 ,  68421.04 ,  3.58835E-02 ,  146.15     ,  1.14938E+13
        7 -> 16 ,  69318.44 ,  2.38688E-02 ,  144.26     ,  7.95020E+12
        7 -> 17 ,  70177.04 ,  1.07310E-02 ,  142.50     ,  3.70874E+12
        7 -> 18 ,  70996.84 ,  2.36333E-03 ,  140.85     ,  8.45748E+11
        7 -> 19 ,  71777.84 ,  6.97410E-06 ,  139.32     ,  2.57905E+09
 WARNING: SUM of FCFs = 0.69472     for v"=  7
        8 ->  0 ,  48346.87 ,  5.18946E-04 ,  206.84     ,  5.86445E+10
        8 ->  1 ,  49826.27 ,  1.50866E-02 ,  200.70     ,  1.86623E+12
        8 ->  2 ,  51266.87 ,  0.10489     ,  195.06     ,  1.41334E+13
        8 ->  3 ,  52668.67 ,  0.15159     ,  189.87     ,  2.21483E+13
        8 ->  4 ,  54031.67 ,  2.77481E-04 ,  185.08     ,  4.37702E+10
        8 ->  5 ,  55355.87 ,  9.40338E-02 ,  180.65     ,  1.59505E+13
        8 ->  6 ,  56641.27 ,  5.05080E-03 ,  176.55     ,  9.17824E+11
        8 ->  7 ,  57887.87 ,  4.44305E-02 ,  172.75     ,  8.61874E+12
        8 ->  8 ,  59095.67 ,  5.42408E-02 ,  169.22     ,  1.11942E+13
        8 ->  9 ,  60264.67 ,  3.56054E-03 ,  165.93     ,  7.79299E+11
        8 -> 10 ,  61394.87 ,  1.60636E-02 ,  162.88     ,  3.71740E+12
        8 -> 11 ,  62486.27 ,  4.58790E-02 ,  160.04     ,  1.11936E+13
        8 -> 12 ,  63538.87 ,  3.62317E-02 ,  157.38     ,  9.29410E+12
        8 -> 13 ,  64552.67 ,  9.60708E-03 ,  154.91     ,  2.58425E+12
        8 -> 14 ,  65527.67 ,  1.29890E-04 ,  152.61     ,  3.65467E+10
        8 -> 15 ,  66463.87 ,  1.03814E-02 ,  150.46     ,  3.04799E+12
        8 -> 16 ,  67361.27 ,  2.47863E-02 ,  148.45     ,  7.57605E+12
        8 -> 17 ,  68219.87 ,  3.13613E-02 ,  146.58     ,  9.95695E+12
        8 -> 18 ,  69039.66 ,  2.82348E-02 ,  144.84     ,  9.29139E+12
        8 -> 19 ,  69820.66 ,  1.96146E-02 ,  143.22     ,  6.67623E+12
 WARNING: SUM of FCFs = 0.69597     for v"=  8
        9 ->  0 ,  46416.28 ,  8.78426E-05 ,  215.44     ,  8.78449E+09
        9 ->  1 ,  47895.68 ,  3.86940E-03 ,  208.79     ,  4.25141E+11
        9 ->  2 ,  49336.28 ,  4.56519E-02 ,  202.69     ,  5.48224E+12
        9 ->  3 ,  50738.08 ,  0.15228     ,  197.09     ,  1.98906E+13
        9 ->  4 ,  52101.08 ,  7.27795E-02 ,  191.93     ,  1.02932E+13
        9 ->  5 ,  53425.28 ,  3.31574E-02 ,  187.18     ,  5.05617E+12
        9 ->  6 ,  54710.68 ,  4.77336E-02 ,  182.78     ,  7.81702E+12
        9 ->  7 ,  55957.28 ,  5.17842E-02 ,  178.71     ,  9.07334E+12
        9 ->  8 ,  57165.08 ,  1.37087E-03 ,  174.93     ,  2.56088E+11
        9 ->  9 ,  58334.08 ,  4.94731E-02 ,  171.43     ,  9.82057E+12
        9 -> 10 ,  59464.28 ,  3.95169E-02 ,  168.17     ,  8.30905E+12
        9 -> 11 ,  60555.68 ,  2.09092E-03 ,  165.14     ,  4.64304E+11
        9 -> 12 ,  61608.28 ,  1.20566E-02 ,  162.32     ,  2.81931E+12
        9 -> 13 ,  62622.08 ,  3.68079E-02 ,  159.69     ,  9.03906E+12
        9 -> 14 ,  63597.08 ,  3.55440E-02 ,  157.24     ,  9.14278E+12
        9 -> 15 ,  64533.28 ,  1.58035E-02 ,  154.96     ,  4.24722E+12
        9 -> 16 ,  65430.68 ,  1.49887E-03 ,  152.83     ,  4.19863E+11
        9 -> 17 ,  66289.28 ,  1.95388E-03 ,  150.85     ,  5.69153E+11
        9 -> 18 ,  67109.08 ,  1.14410E-02 ,  149.01     ,  3.45786E+12
        9 -> 19 ,  67890.08 ,  2.08023E-02 ,  147.30     ,  6.50923E+12
 WARNING: SUM of FCFs = 0.63570     for v"=  9
       10 ->  0 ,  44512.27 ,  1.26772E-05 ,  224.66     ,  1.11806E+09
       10 ->  1 ,  45991.67 ,  8.12668E-04 ,  217.43     ,  7.90589E+10
       10 ->  2 ,  47432.27 ,  1.50408E-02 ,  210.83     ,  1.60507E+12
       10 ->  3 ,  48834.07 ,  9.26258E-02 ,  204.78     ,  1.07870E+13
       10 ->  4 ,  50197.07 ,  0.14975     ,  199.21     ,  1.89412E+13
       10 ->  5 ,  51521.27 ,  7.27072E-03 ,  194.09     ,  9.94345E+11
       10 ->  6 ,  52806.67 ,  8.23154E-02 ,  189.37     ,  1.21212E+13
       10 ->  7 ,  54053.27 ,  1.49209E-03 ,  185.00     ,  2.35646E+11
       10 ->  8 ,  55261.07 ,  6.49084E-02 ,  180.96     ,  1.09536E+13
       10 ->  9 ,  56430.07 ,  2.01497E-02 ,  177.21     ,  3.62076E+12
       10 -> 10 ,  57560.27 ,  7.84757E-03 ,  173.73     ,  1.49659E+12
       10 -> 11 ,  58651.67 ,  4.56880E-02 ,  170.50     ,  9.21813E+12
       10 -> 12 ,  59704.27 ,  3.21524E-02 ,  167.49     ,  6.84273E+12
       10 -> 13 ,  60718.07 ,  2.64210E-03 ,  164.70     ,  5.91430E+11
       10 -> 14 ,  61693.07 ,  6.64023E-03 ,  162.09     ,  1.55917E+12
       10 -> 15 ,  62629.27 ,  2.68821E-02 ,  159.67     ,  6.60382E+12
       10 -> 16 ,  63526.67 ,  3.31362E-02 ,  157.41     ,  8.49516E+12
       10 -> 17 ,  64385.27 ,  2.21284E-02 ,  155.32     ,  5.90622E+12
       10 -> 18 ,  65205.07 ,  7.56659E-03 ,  153.36     ,  2.09770E+12
       10 -> 19 ,  65986.07 ,  3.21641E-04 ,  151.55     ,  9.24119E+10
 WARNING: SUM of FCFs = 0.61939     for v"= 10
       11 ->  0 ,  42634.84 ,  1.57202E-06 ,  234.55     ,  1.21829E+08
       11 ->  1 ,  44114.24 ,  1.42396E-04 ,  226.68     ,  1.22246E+10
       11 ->  2 ,  45554.84 ,  3.92485E-03 ,  219.52     ,  3.71045E+11
       11 ->  3 ,  46956.64 ,  3.97723E-02 ,  212.96     ,  4.11786E+12
       11 ->  4 ,  48319.64 ,  0.13646     ,  206.96     ,  1.53953E+13
       11 ->  5 ,  49643.84 ,  9.20287E-02 ,  201.43     ,  1.12595E+13
       11 ->  6 ,  50929.24 ,  1.14439E-02 ,  196.35     ,  1.51174E+12
       11 ->  7 ,  52175.84 ,  7.05055E-02 ,  191.66     ,  1.00145E+13
       11 ->  8 ,  53383.64 ,  2.05859E-02 ,  187.32     ,  3.13181E+12
       11 ->  9 ,  54552.64 ,  2.27210E-02 ,  183.31     ,  3.68871E+12
       11 -> 10 ,  55682.84 ,  5.33873E-02 ,  179.59     ,  9.21727E+12
       11 -> 11 ,  56774.24 ,  7.28492E-03 ,  176.14     ,  1.33315E+12
       11 -> 12 ,  57826.84 ,  1.09072E-02 ,  172.93     ,  2.10913E+12
       11 -> 13 ,  58840.64 ,  3.95287E-02 ,  169.95     ,  8.05276E+12
       11 -> 14 ,  59815.64 ,  2.95384E-02 ,  167.18     ,  6.32166E+12
       11 -> 15 ,  60751.84 ,  5.01067E-03 ,  164.60     ,  1.12350E+12
       11 -> 16 ,  61649.24 ,  1.82782E-03 ,  162.21     ,  4.28269E+11
       11 -> 17 ,  62507.84 ,  1.59636E-02 ,  159.98     ,  3.89883E+12
       11 -> 18 ,  63327.64 ,  2.69062E-02 ,  157.91     ,  6.83333E+12
       11 -> 19 ,  64108.64 ,  2.53943E-02 ,  155.99     ,  6.69092E+12
 WARNING: SUM of FCFs = 0.61334     for v"= 11
       12 ->  0 ,  40783.99 ,  1.68433E-07 ,  245.19     ,  1.14261E+07
       12 ->  1 ,  42263.39 ,  2.10901E-05 ,  236.61     ,  1.59211E+09
       12 ->  2 ,  43703.99 ,  8.34742E-04 ,  228.81     ,  6.96812E+10
       12 ->  3 ,  45105.79 ,  1.29819E-02 ,  221.70     ,  1.19134E+12
       12 ->  4 ,  46468.79 ,  7.85701E-02 ,  215.20     ,  7.88390E+12
       12 ->  5 ,  47792.99 ,  0.14737     ,  209.24     ,  1.60879E+13
       12 ->  6 ,  49078.39 ,  2.34134E-02 ,  203.76     ,  2.76780E+12
       12 ->  7 ,  50324.99 ,  5.98029E-02 ,  198.71     ,  7.62208E+12
       12 ->  8 ,  51532.79 ,  1.83246E-02 ,  194.05     ,  2.50776E+12
       12 ->  9 ,  52701.79 ,  5.95426E-02 ,  189.75     ,  8.71574E+12
       12 -> 10 ,  53831.99 ,  5.24438E-04 ,  185.76     ,  8.18117E+10
       12 -> 11 ,  54923.39 ,  3.55636E-02 ,  182.07     ,  5.89220E+12
       12 -> 12 ,  55975.99 ,  3.98169E-02 ,  178.65     ,  6.98350E+12
       12 -> 13 ,  56989.79 ,  3.49770E-03 ,  175.47     ,  6.47402E+11
       12 -> 14 ,  57964.79 ,  9.62597E-03 ,  172.52     ,  1.87472E+12
       12 -> 15 ,  58900.99 ,  3.26404E-02 ,  169.78     ,  6.66997E+12
       12 -> 16 ,  59798.39 ,  2.91560E-02 ,  167.23     ,  6.23442E+12
       12 -> 17 ,  60656.99 ,  9.62397E-03 ,  164.86     ,  2.14781E+12
       12 -> 18 ,  61476.79 ,  2.35385E-05 ,  162.66     ,  5.46904E+09
       12 -> 19 ,  62257.79 ,  5.81111E-03 ,  160.62     ,  1.40230E+12
 WARNING: SUM of FCFs = 0.56714     for v"= 12
       13 ->  0 ,  38959.72 ,  1.56522E-08 ,  256.68     ,  9.25598E+05
       13 ->  1 ,  40439.12 ,  2.66485E-06 ,  247.29     ,  1.76229E+08
       13 ->  2 ,  41879.72 ,  1.47512E-04 ,  238.78     ,  1.08352E+10
       13 ->  3 ,  43281.52 ,  3.36178E-03 ,  231.05     ,  2.72569E+11
       13 ->  4 ,  44644.52 ,  3.25203E-02 ,  223.99     ,  2.89373E+12
       13 ->  5 ,  45968.72 ,  0.12004     ,  217.54     ,  1.16603E+13
       13 ->  6 ,  47254.12 ,  0.11012     ,  211.62     ,  1.16195E+13
       13 ->  7 ,  48500.72 ,  7.15652E-04 ,  206.18     ,  8.16481E+10
       13 ->  8 ,  49708.52 ,  7.94439E-02 ,  201.17     ,  9.75782E+12
       13 ->  9 ,  50877.52 ,  1.86564E-03 ,  196.55     ,  2.45700E+11
       13 -> 10 ,  52007.72 ,  4.85861E-02 ,  192.28     ,  6.83464E+12
       13 -> 11 ,  53099.12 ,  3.00038E-02 ,  188.33     ,  4.49199E+12
       13 -> 12 ,  54151.72 ,  1.99599E-03 ,  184.67     ,  3.16953E+11
       13 -> 13 ,  55165.52 ,  3.67346E-02 ,  181.27     ,  6.16706E+12
       13 -> 14 ,  56140.52 ,  3.16333E-02 ,  178.12     ,  5.59723E+12
       13 -> 15 ,  57076.72 ,  3.25531E-03 ,  175.20     ,  6.05298E+11
       13 -> 16 ,  57974.12 ,  5.76118E-03 ,  172.49     ,  1.12257E+12
       13 -> 17 ,  58832.72 ,  2.45572E-02 ,  169.97     ,  5.00076E+12
       13 -> 18 ,  59652.52 ,  2.83040E-02 ,  167.64     ,  6.00805E+12
       13 -> 19 ,  60433.52 ,  1.58437E-02 ,  165.47     ,  3.49696E+12
 WARNING: SUM of FCFs = 0.57489     for v"= 13
       14 ->  0 ,  37162.03 ,  1.26443E-09 ,  269.09     ,   64892.    
       14 ->  1 ,  38641.43 ,  2.89124E-07 ,  258.79     ,  1.66819E+07
       14 ->  2 ,  40082.03 ,  2.19508E-05 ,  249.49     ,  1.41351E+09
       14 ->  3 ,  41483.83 ,  7.09745E-04 ,  241.06     ,  5.06686E+10
       14 ->  4 ,  42846.83 ,  1.03274E-02 ,  233.39     ,  8.12355E+11
       14 ->  5 ,  44171.03 ,  6.45336E-02 ,  226.39     ,  5.56159E+12
       14 ->  6 ,  45456.43 ,  0.14163     ,  219.99     ,  1.33023E+13
       14 ->  7 ,  46703.03 ,  4.58816E-02 ,  214.12     ,  4.67384E+12
       14 ->  8 ,  47910.83 ,  3.39035E-02 ,  208.72     ,  3.72859E+12
       14 ->  9 ,  49079.83 ,  4.34467E-02 ,  203.75     ,  5.13648E+12
       14 -> 10 ,  50210.03 ,  3.63225E-02 ,  199.16     ,  4.59777E+12
       14 -> 11 ,  51301.43 ,  8.07239E-03 ,  194.93     ,  1.08991E+12
       14 -> 12 ,  52354.03 ,  4.94402E-02 ,  191.01     ,  7.09465E+12
       14 -> 13 ,  53367.83 ,  1.34743E-02 ,  187.38     ,  2.04808E+12
       14 -> 14 ,  54342.83 ,  5.04120E-03 ,  184.02     ,  8.09023E+11
       14 -> 15 ,  55279.03 ,  3.27919E-02 ,  180.90     ,  5.53921E+12
       14 -> 16 ,  56176.43 ,  2.81858E-02 ,  178.01     ,  4.99682E+12
       14 -> 17 ,  57035.03 ,  5.23708E-03 ,  175.33     ,  9.71659E+11
       14 -> 18 ,  57854.83 ,  1.61042E-03 ,  172.85     ,  3.11858E+11
       14 -> 19 ,  58635.83 ,  1.48903E-02 ,  170.54     ,  3.00187E+12
 WARNING: SUM of FCFs = 0.53552     for v"= 14
       15 ->  0 ,  35390.92 ,  8.88831E-11 ,  282.56     ,   3940.0    
       15 ->  1 ,  36870.32 ,  2.70511E-08 ,  271.22     ,  1.35586E+06
       15 ->  2 ,  38310.92 ,  2.77642E-06 ,  261.02     ,  1.56118E+08
       15 ->  3 ,  39712.72 ,  1.24423E-04 ,  251.81     ,  7.79273E+09
       15 ->  4 ,  41075.72 ,  2.61501E-03 ,  243.45     ,  1.81230E+11
       15 ->  5 ,  42399.92 ,  2.54471E-02 ,  235.85     ,  1.93969E+12
       15 ->  6 ,  43685.32 ,  0.10313     ,  228.91     ,  8.59754E+12
       15 ->  7 ,  44931.92 ,  0.12371     ,  222.56     ,  1.12218E+13
       15 ->  8 ,  46139.72 ,  2.78399E-03 ,  216.73     ,  2.73459E+11
       15 ->  9 ,  47308.72 ,  7.24481E-02 ,  211.38     ,  7.67098E+12
       15 -> 10 ,  48438.92 ,  3.12709E-03 ,  206.45     ,  3.55405E+11
       15 -> 11 ,  49530.32 ,  5.82488E-02 ,  201.90     ,  7.07783E+12
       15 -> 12 ,  50582.92 ,  6.18132E-03 ,  197.70     ,  8.00006E+11
       15 -> 13 ,  51596.72 ,  2.17001E-02 ,  193.81     ,  2.98077E+12
       15 -> 14 ,  52571.72 ,  4.03475E-02 ,  190.22     ,  5.86236E+12
       15 -> 15 ,  53507.92 ,  7.46178E-03 ,  186.89     ,  1.14313E+12
       15 -> 16 ,  54405.32 ,  4.87909E-03 ,  183.81     ,  7.85710E+11
       15 -> 17 ,  55263.92 ,  2.67684E-02 ,  180.95     ,  4.51801E+12
       15 -> 18 ,  56083.72 ,  2.70996E-02 ,  178.30     ,  4.78050E+12
       15 -> 19 ,  56864.72 ,  9.60264E-03 ,  175.86     ,  1.76571E+12
 WARNING: SUM of FCFs = 0.53567     for v"= 15
       16 ->  0 ,  33646.39 ,  5.43573E-12 ,  297.21     ,   207.05    
       16 ->  1 ,  35125.79 ,  2.18816E-09 ,  284.69     ,   94832.    
       16 ->  2 ,  36566.39 ,  3.00411E-07 ,  273.48     ,  1.46880E+07
       16 ->  3 ,  37968.19 ,  1.83429E-05 ,  263.38     ,  1.00399E+09
       16 ->  4 ,  39331.19 ,  5.41220E-04 ,  254.25     ,  3.29295E+10
       16 ->  5 ,  40655.39 ,  7.78278E-03 ,  245.97     ,  5.22985E+11
       16 ->  6 ,  41940.79 ,  5.15310E-02 ,  238.43     ,  3.80170E+12
       16 ->  7 ,  43187.39 ,  0.13199     ,  231.55     ,  1.06317E+13
       16 ->  8 ,  44395.19 ,  7.03607E-02 ,  225.25     ,  6.15656E+12
       16 ->  9 ,  45564.19 ,  1.26044E-02 ,  219.47     ,  1.19232E+12
       16 -> 10 ,  46694.39 ,  6.38551E-02 ,  214.16     ,  6.50114E+12
       16 -> 11 ,  47785.79 ,  1.23457E-02 ,  209.27     ,  1.34714E+12
       16 -> 12 ,  48838.39 ,  3.02986E-02 ,  204.76     ,  3.52945E+12
       16 -> 13 ,  49852.19 ,  3.87149E-02 ,  200.59     ,  4.79657E+12
       16 -> 14 ,  50827.19 ,  4.52538E-05 ,  196.75     ,  5.94214E+09
       16 -> 15 ,  51763.39 ,  2.60365E-02 ,  193.19     ,  3.61119E+12
       16 -> 16 ,  52660.79 ,  3.30117E-02 ,  189.89     ,  4.82093E+12
       16 -> 17 ,  53519.39 ,  6.62714E-03 ,  186.85     ,  1.01592E+12
       16 -> 18 ,  54339.19 ,  2.40759E-03 ,  184.03     ,  3.86297E+11
       16 -> 19 ,  55120.19 ,  1.89819E-02 ,  181.42     ,  3.17886E+12
 WARNING: SUM of FCFs = 0.50715     for v"= 16
       17 ->  0 ,  31928.44 ,  2.88828E-13 ,  313.20     ,   9.4010    
       17 ->  1 ,  33407.84 ,  1.53188E-10 ,  299.33     ,   5711.8    
       17 ->  2 ,  34848.44 ,  2.79224E-08 ,  286.96     ,  1.18169E+06
       17 ->  3 ,  36250.24 ,  2.29414E-06 ,  275.86     ,  1.09283E+08
       17 ->  4 ,  37613.24 ,  9.31038E-05 ,  265.86     ,  4.95438E+09
       17 ->  5 ,  38937.44 ,  1.90970E-03 ,  256.82     ,  1.12737E+11
       17 ->  6 ,  40222.84 ,  1.92519E-02 ,  248.61     ,  1.25283E+12
       17 ->  7 ,  41469.44 ,  8.64213E-02 ,  241.14     ,  6.16318E+12
       17 ->  8 ,  42677.24 ,  0.13101     ,  234.32     ,  1.01832E+13
       17 ->  9 ,  43846.24 ,  1.60147E-02 ,  228.07     ,  1.34994E+12
       17 -> 10 ,  44976.44 ,  5.40837E-02 ,  222.34     ,  4.92064E+12
       17 -> 11 ,  46067.84 ,  1.98533E-02 ,  217.07     ,  1.94100E+12
       17 -> 12 ,  47120.44 ,  4.82477E-02 ,  212.22     ,  5.04783E+12
       17 -> 13 ,  48134.23 ,  5.70601E-04 ,  207.75     ,  6.36348E+10
       17 -> 14 ,  49109.24 ,  4.08385E-02 ,  203.63     ,  4.83682E+12
       17 -> 15 ,  50045.44 ,  2.22482E-02 ,  199.82     ,  2.78862E+12
       17 -> 16 ,  50942.84 ,  5.81159E-04 ,  196.30     ,  7.68324E+10
       17 -> 17 ,  51801.44 ,  2.38656E-02 ,  193.04     ,  3.31740E+12
       17 -> 18 ,  52621.24 ,  2.89900E-02 ,  190.04     ,  4.22407E+12
       17 -> 19 ,  53402.24 ,  8.90118E-03 ,  187.26     ,  1.35558E+12
 WARNING: SUM of FCFs = 0.50288     for v"= 17
       18 ->  0 ,  30237.07 ,  1.33014E-14 ,  330.72     ,  0.36772    
       18 ->  1 ,  31716.47 ,  9.27894E-12 ,  315.29     ,   296.04    
       18 ->  2 ,  33157.07 ,  2.23465E-09 ,  301.59     ,   81459.    
       18 ->  3 ,  34558.87 ,  2.44863E-07 ,  289.36     ,  1.01065E+07
       18 ->  4 ,  35921.87 ,  1.34669E-05 ,  278.38     ,  6.24231E+08
       18 ->  5 ,  37246.07 ,  3.84337E-04 ,  268.48     ,  1.98588E+10
       18 ->  6 ,  38531.47 ,  5.63875E-03 ,  259.53     ,  3.22574E+11
       18 ->  7 ,  39778.07 ,  4.01339E-02 ,  251.39     ,  2.52605E+12
       18 ->  8 ,  40985.87 ,  0.11919     ,  243.99     ,  8.20640E+12
       18 ->  9 ,  42154.87 ,  9.26974E-02 ,  237.22     ,  6.94402E+12
       18 -> 10 ,  43285.07 ,  1.27945E-03 ,  231.03     ,  1.03762E+11
       18 -> 11 ,  44376.47 ,  7.18146E-02 ,  225.34     ,  6.27582E+12
       18 -> 12 ,  45429.07 ,  4.83983E-04 ,  220.12     ,  4.53766E+10
       18 -> 13 ,  46442.87 ,  4.85345E-02 ,  215.32     ,  4.86192E+12
       18 -> 14 ,  47417.87 ,  1.72093E-02 ,  210.89     ,  1.83480E+12
       18 -> 15 ,  48354.07 ,  8.68029E-03 ,  206.81     ,  9.81371E+11
       18 -> 16 ,  49251.47 ,  3.78663E-02 ,  203.04     ,  4.52387E+12
       18 -> 17 ,  50110.07 ,  1.49115E-02 ,  199.56     ,  1.87628E+12
       18 -> 18 ,  50929.87 ,  5.98392E-04 ,  196.35     ,  7.90503E+10
       18 -> 19 ,  51710.87 ,  1.82537E-02 ,  193.38     ,  2.52404E+12
 WARNING: SUM of FCFs = 0.47769     for v"= 18
       19 ->  0 ,  28572.28 ,  5.29121E-16 ,  349.99     ,  1.23421E-02
       19 ->  1 ,  30051.68 ,  4.85540E-13 ,  332.76     ,   13.177    
       19 ->  2 ,  31492.28 ,  1.54102E-10 ,  317.54     ,   4813.1    
       19 ->  3 ,  32894.08 ,  2.23860E-08 ,  304.01     ,  7.96763E+05
       19 ->  4 ,  34257.08 ,  1.65085E-06 ,  291.91     ,  6.63681E+07
       19 ->  5 ,  35581.28 ,  6.43974E-05 ,  281.05     ,  2.90090E+09
       19 ->  6 ,  36866.68 ,  1.33339E-03 ,  271.25     ,  6.68126E+10
       19 ->  7 ,  38113.28 ,  1.41755E-02 ,  262.38     ,  7.84818E+11
       19 ->  8 ,  39321.08 ,  7.07182E-02 ,  254.32     ,  4.29940E+12
       19 ->  9 ,  40490.08 ,  0.13176     ,  246.97     ,  8.74629E+12
       19 -> 10 ,  41620.28 ,  3.64936E-02 ,  240.27     ,  2.63106E+12
       19 -> 11 ,  42711.68 ,  3.19735E-02 ,  234.13     ,  2.49132E+12
       19 -> 12 ,  43764.28 ,  4.16712E-02 ,  228.50     ,  3.49298E+12
       19 -> 13 ,  44778.08 ,  2.79623E-02 ,  223.32     ,  2.51055E+12
       19 -> 14 ,  45753.08 ,  1.27875E-02 ,  218.56     ,  1.22475E+12
       19 -> 15 ,  46689.28 ,  4.32153E-02 ,  214.18     ,  4.39834E+12
       19 -> 16 ,  47586.68 ,  4.28270E-03 ,  210.14     ,  4.61502E+11
       19 -> 17 ,  48445.28 ,  1.33322E-02 ,  206.42     ,  1.51585E+12
       19 -> 18 ,  49265.08 ,  3.24534E-02 ,  202.98     ,  3.88041E+12
       19 -> 19 ,  50046.08 ,  1.36222E-02 ,  199.82     ,  1.70749E+12
 WARNING: SUM of FCFs = 0.47585     for v"= 19
