
 Morse potential parameters:
 De =  4.8808     eV
 alpha  =  1.9759    /Angst

 Morse potential parameters:
 De = 0.94258     eV
 alpha  =  3.4549    /Angst
 Warning:   6 bound levels for state # 2
  Beta:   1.97593244  3.4548561 /Angst
  K:      47.4285714  11.9205607
  Re:     1.03400004  1.11099994 Angst
 Nmax = 19 5
        0 ->  0 ,  30749.50 ,  0.68729     ,  325.21     ,  1.99828E+13
        0 ->  1 ,  32872.50 ,  0.20607     ,  304.21     ,  7.31998E+12
        0 ->  2 ,  34567.50 ,  5.94526E-02 ,  289.29     ,  2.45570E+12
        0 ->  3 ,  35834.50 ,  1.98407E-02 ,  279.06     ,  9.12980E+11
        0 ->  4 ,  36673.50 ,  7.22056E-03 ,  272.68     ,  3.56146E+11
        0 ->  5 ,  37084.50 ,  1.80207E-03 ,  269.65     ,  9.19071E+10
 WARNING: SUM of FCFs = 0.98168     for v"=  0
        1 ->  0 ,  27569.50 ,  0.26281     ,  362.72     ,  5.50727E+12
        1 ->  1 ,  29692.50 ,  0.16227     ,  336.79     ,  4.24784E+12
        1 ->  2 ,  31387.50 ,  0.20950     ,  318.60     ,  6.47831E+12
        1 ->  3 ,  32654.50 ,  0.11947     ,  306.24     ,  4.15978E+12
        1 ->  4 ,  33493.50 ,  5.44695E-02 ,  298.57     ,  2.04661E+12
        1 ->  5 ,  33904.50 ,  1.47719E-02 ,  294.95     ,  5.75716E+11
 WARNING: SUM of FCFs = 0.82329     for v"=  1
        2 ->  0 ,  24529.50 ,  4.20544E-02 ,  407.67     ,  6.20695E+11
        2 ->  1 ,  26652.50 ,  0.38321     ,  375.20     ,  7.25519E+12
        2 ->  2 ,  28347.50 ,  9.42304E-03 ,  352.76     ,  2.14652E+11
        2 ->  3 ,  29614.50 ,  2.41865E-02 ,  337.67     ,  6.28184E+11
        2 ->  4 ,  30453.50 ,  3.68180E-02 ,  328.37     ,  1.03985E+12
        2 ->  5 ,  30864.50 ,  1.44259E-02 ,  324.00     ,  4.24152E+11
 WARNING: SUM of FCFs = 0.51012     for v"=  2
        3 ->  0 ,  21629.50 ,  6.91221E-03 ,  462.33     ,  6.99450E+10
        3 ->  1 ,  23752.50 ,  0.17497     ,  421.01     ,  2.34471E+12
        3 ->  2 ,  25447.50 ,  0.15791     ,  392.97     ,  2.60226E+12
        3 ->  3 ,  26714.50 ,  0.13375     ,  374.33     ,  2.55000E+12
        3 ->  4 ,  27553.50 ,  3.97967E-02 ,  362.93     ,  8.32488E+11
        3 ->  5 ,  27964.50 ,  6.88712E-03 ,  357.60     ,  1.50612E+11
 WARNING: SUM of FCFs = 0.52023     for v"=  3
        4 ->  0 ,  18869.50 ,  8.37964E-04 ,  529.96     ,  5.62997E+09
        4 ->  1 ,  20992.50 ,  5.70638E-02 ,  476.36     ,  5.27902E+11
        4 ->  2 ,  22687.50 ,  0.25416     ,  440.77     ,  2.96799E+12
        4 ->  3 ,  23954.50 ,  4.33632E-03 ,  417.46     ,  5.96050E+10
        4 ->  4 ,  24793.50 ,  1.75489E-02 ,  403.33     ,  2.67463E+11
        4 ->  5 ,  25204.50 ,  1.19462E-02 ,  396.75     ,  1.91278E+11
 WARNING: SUM of FCFs = 0.34589     for v"=  4
        5 ->  0 ,  16249.50 ,  7.82904E-05 ,  615.40     ,  3.35914E+08
        5 ->  1 ,  18372.50 ,  1.35323E-02 ,  544.29     ,  8.39222E+10
        5 ->  2 ,  20067.50 ,  0.18380     ,  498.32     ,  1.48530E+12
        5 ->  3 ,  21334.50 ,  6.09592E-02 ,  468.72     ,  5.91952E+11
        5 ->  4 ,  22173.50 ,  7.43282E-02 ,  450.99     ,  8.10320E+11
        5 ->  5 ,  22584.50 ,  1.93269E-02 ,  442.78     ,  2.22636E+11
 WARNING: SUM of FCFs = 0.35202     for v"=  5
        6 ->  0 ,  13769.50 ,  8.82372E-06 ,  726.24     ,  2.30360E+07
        6 ->  1 ,  15892.50 ,  2.44328E-03 ,  629.23     ,  9.80732E+09
        6 ->  2 ,  17587.50 ,  8.60633E-02 ,  568.59     ,  4.68199E+11
        6 ->  3 ,  18854.50 ,  0.17885     ,  530.38     ,  1.19878E+12
        6 ->  4 ,  19693.50 ,  3.59095E-02 ,  507.78     ,  2.74270E+11
        6 ->  5 ,  20104.50 ,  1.57731E-03 ,  497.40     ,  1.28173E+10
 WARNING: SUM of FCFs = 0.30486     for v"=  6
        7 ->  0 ,  11429.50 ,  3.07540E-07 ,  874.93     ,  4.59180E+05
        7 ->  1 ,  13552.50 ,  3.98773E-04 ,  737.87     ,  9.92623E+08
        7 ->  2 ,  15247.50 ,  2.93483E-02 ,  655.85     ,  1.04035E+11
        7 ->  3 ,  16514.50 ,  0.20060     ,  605.53     ,  9.03483E+11
        7 ->  4 ,  17353.50 ,  3.40684E-04 ,  576.25     ,  1.78038E+09
        7 ->  5 ,  17764.50 ,  8.46916E-03 ,  562.92     ,  4.74788E+10
 WARNING: SUM of FCFs = 0.23915     for v"=  7
        8 ->  0 ,   9229.50 ,  6.52564E-08 ,  1083.5     ,   51305.    
        8 ->  1 ,  11352.50 ,  4.42109E-05 ,  880.86     ,  6.46851E+07
        8 ->  2 ,  13047.50 ,  8.18398E-03 ,  766.43     ,  1.81780E+10
        8 ->  3 ,  14314.50 ,  0.14037     ,  698.59     ,  4.11724E+11
        8 ->  4 ,  15153.50 ,  5.36949E-02 ,  659.91     ,  1.86841E+11
        8 ->  5 ,  15564.50 ,  2.98725E-02 ,  642.49     ,  1.12636E+11
 WARNING: SUM of FCFs = 0.23217     for v"=  8
        9 ->  0 ,   7169.50 ,  1.73269E-11 ,  1394.8     ,   6.3854    
        9 ->  1 ,   9292.50 ,  5.42118E-06 ,  1076.1     ,  4.35002E+06
        9 ->  2 ,  10987.50 ,  1.77621E-03 ,  910.13     ,  2.35608E+09
        9 ->  3 ,  12254.50 ,  7.36762E-02 ,  816.03     ,  1.35586E+11
        9 ->  4 ,  13093.50 ,  0.13703     ,  763.74     ,  3.07601E+11
        9 ->  5 ,  13504.50 ,  2.75769E-02 ,  740.49     ,  6.79174E+10
 WARNING: SUM of FCFs = 0.24007     for v"=  9
       10 ->  0 ,   5249.50 ,  4.86075E-10 ,  1904.9     ,   70.317    
       10 ->  1 ,   7372.50 ,  3.13212E-07 ,  1356.4     ,  1.25511E+05
       10 ->  2 ,   9067.50 ,  3.31385E-04 ,  1102.8     ,  2.47056E+08
       10 ->  3 ,  10334.50 ,  3.02125E-02 ,  967.63     ,  3.33469E+10
       10 ->  4 ,  11173.50 ,  0.17618     ,  894.97     ,  2.45766E+11
       10 ->  5 ,  11584.50 ,  7.37504E-03 ,  863.22     ,  1.14656E+10
 WARNING: SUM of FCFs = 0.21410     for v"= 10
       11 ->  0 ,   3469.50 ,  7.03221E-12 ,  2882.3     ,  0.29369    
       11 ->  1 ,   5592.50 ,  3.19788E-08 ,  1788.1     ,   5593.5    
       11 ->  2 ,   7287.50 ,  4.70899E-05 ,  1372.2     ,  1.82248E+07
       11 ->  3 ,   8554.50 ,  1.01870E-02 ,  1169.0     ,  6.37720E+09
       11 ->  4 ,   9393.50 ,  0.15598     ,  1064.6     ,  1.29290E+11
       11 ->  5 ,   9804.50 ,  1.31782E-03 ,  1019.9     ,  1.24203E+09
 WARNING: SUM of FCFs = 0.16754     for v"= 11
       12 ->  0 ,   1829.50 ,  3.24534E-12 ,  5466.0     ,  1.98727E-02
       12 ->  1 ,   3952.50 ,  7.67047E-10 ,  2530.0     ,   47.363    
       12 ->  2 ,   5647.50 ,  5.71209E-06 ,  1770.7     ,  1.02888E+06
       12 ->  3 ,   6914.50 ,  2.79902E-03 ,  1446.2     ,  9.25313E+08
       12 ->  4 ,   7753.50 ,  0.10731     ,  1289.7     ,  5.00194E+10
       12 ->  5 ,   8164.50 ,  2.69750E-02 ,  1224.8     ,  1.46808E+10
 WARNING: SUM of FCFs = 0.13709     for v"= 12
       13 ->  0 ,    329.50 ,  1.64781E-11 ,  30349.     ,  5.89486E-04
       13 ->  1 ,   2452.50 ,  1.31237E-12 ,  4077.5     ,  1.93591E-02
       13 ->  2 ,   4147.50 ,  4.95868E-07 ,  2411.1     ,   35377.    
       13 ->  3 ,   5414.50 ,  6.33033E-04 ,  1846.9     ,  1.00485E+08
       13 ->  4 ,   6253.50 ,  6.00304E-02 ,  1599.1     ,  1.46805E+10
       13 ->  5 ,   6664.50 ,  7.40894E-02 ,  1500.5     ,  2.19310E+10
 WARNING: SUM of FCFs = 0.13475     for v"= 13
       14 ->  0 ,  -1030.50 ,  2.10027E-11 , -9704.0     , -2.29836E-02
       14 ->  1 ,   1092.50 ,  7.88337E-11 ,  9153.3     ,  0.10280    
       14 ->  2 ,   2787.50 ,  2.91856E-08 ,  3587.4     ,   632.14    
       14 ->  3 ,   4054.50 ,  1.14321E-04 ,  2466.4     ,  7.61968E+06
       14 ->  4 ,   4893.50 ,  2.79502E-02 ,  2043.5     ,  3.27525E+09
       14 ->  5 ,   5304.50 ,  0.11948     ,  1885.2     ,  1.78336E+10
 WARNING: SUM of FCFs = 0.14755     for v"= 14
       15 ->  0 ,  -2250.50 ,  1.93512E-11 , -4443.5     , -0.22057    
       15 ->  1 ,   -127.50 ,  8.35067E-11 , -78431.     , -1.73082E-04
       15 ->  2 ,   1567.50 ,  2.33516E-09 ,  6379.6     ,   8.9937    
       15 ->  3 ,   2834.50 ,  1.58338E-05 ,  3528.0     ,  3.60591E+05
       15 ->  4 ,   3673.50 ,  1.08510E-02 ,  2722.2     ,  5.37911E+08
       15 ->  5 ,   4084.50 ,  0.14515     ,  2448.3     ,  9.89075E+09
 WARNING: SUM of FCFs = 0.15602     for v"= 15
       16 ->  0 ,  -3330.50 ,  1.55662E-11 , -3002.6     , -0.57506    
       16 ->  1 ,  -1207.50 ,  7.91733E-11 , -8281.6     , -0.13939    
       16 ->  2 ,    487.50 ,  6.15355E-11 ,  20513.     ,  7.12934E-03
       16 ->  3 ,   1754.50 ,  1.63693E-06 ,  5699.6     ,   8840.8    
       16 ->  4 ,   2593.50 ,  3.45981E-03 ,  3855.8     ,  6.03546E+07
       16 ->  5 ,   3004.50 ,  0.14494     ,  3328.3     ,  3.93091E+09
 WARNING: SUM of FCFs = 0.14840     for v"= 16
       17 ->  0 ,  -4270.50 ,  1.18218E-11 , -2341.6     , -0.92070    
       17 ->  1 ,  -2147.50 ,  6.33955E-11 , -4656.6     , -0.62785    
       17 ->  2 ,   -452.50 ,  1.85442E-10 , -22099.     , -1.71816E-02
       17 ->  3 ,    814.50 ,  9.37902E-08 ,  12277.     ,   50.679    
       17 ->  4 ,   1653.50 ,  8.66661E-04 ,  6047.8     ,  3.91798E+06
       17 ->  5 ,   2064.50 ,  0.11958     ,  4843.8     ,  1.05223E+09
 WARNING: SUM of FCFs = 0.12045     for v"= 17
       18 ->  0 ,  -5070.50 ,  8.98108E-12 , -1972.2     ,  -1.1708    
       18 ->  1 ,  -2947.50 ,  4.22371E-11 , -3392.7     ,  -1.0816    
       18 ->  2 ,  -1252.50 ,  1.91290E-10 , -7984.0     , -0.37586    
       18 ->  3 ,     14.50 ,  3.73203E-09 , 6.89655E+05 ,  1.13776E-05
       18 ->  4 ,    853.50 ,  1.36937E-04 ,  11716.     ,   85139.    
       18 ->  5 ,   1264.50 ,  6.77214E-02 ,  7908.3     ,  1.36925E+08
 WARNING: SUM of FCFs = 6.78584E-02 for v"= 18
       19 ->  0 ,  -5730.50 ,  7.62168E-12 , -1745.0     ,  -1.4343    
       19 ->  1 ,  -3607.50 ,  1.34215E-11 , -2772.0     , -0.63012    
       19 ->  2 ,  -1912.50 ,  4.32497E-10 , -5228.8     ,  -3.0254    
       19 ->  3 ,   -645.50 ,  3.21729E-11 , -15492.     , -8.65325E-03
       19 ->  4 ,    193.50 ,  1.55298E-06 ,  51680.     ,   11.251    
       19 ->  5 ,    604.50 ,  9.14738E-03 ,  16543.     ,  2.02063E+06
 WARNING: SUM of FCFs = 9.14894E-03 for v"= 19
