
 Morse potential parameters:
 De =  5.1007     eV
 alpha  =  2.1853    /Angst

 Morse potential parameters:
 De =  3.3717     eV
 alpha  =  2.2859    /Angst
 Warning:  17 bound levels for state # 2
  Beta:   2.18524479  2.28588372 /Angst
  K:      44.0259126  34.2185129
  Re:     0.970000029  1.01199996 Angst
 Nmax = 19 16
        0 ->  0 ,  32339.45 ,  0.90666     ,  309.22     ,  3.06651E+13
        0 ->  1 ,  35332.55 ,  8.63032E-02 ,  283.03     ,  3.80673E+12
        0 ->  2 ,  38139.85 ,  6.54017E-03 ,  262.19     ,  3.62849E+11
        0 ->  3 ,  40761.35 ,  4.61630E-04 ,  245.33     ,  3.12636E+10
        0 ->  4 ,  43197.05 ,  2.94638E-05 ,  231.50     ,  2.37493E+09
        0 ->  5 ,  45446.95 ,  1.36130E-06 ,  220.04     ,  1.27781E+08
        0 ->  6 ,  47511.05 ,  9.13395E-09 ,  210.48     ,  9.79586E+05
        0 ->  7 ,  49389.35 ,  1.61306E-08 ,  202.47     ,  1.94335E+06
        0 ->  8 ,  51081.85 ,  1.90804E-08 ,  195.76     ,  2.54324E+06
        0 ->  9 ,  52588.55 ,  1.15824E-08 ,  190.16     ,  1.68450E+06
        0 -> 10 ,  53909.45 ,  5.95664E-09 ,  185.50     ,  9.33246E+05
        0 -> 11 ,  55044.55 ,  2.95578E-09 ,  181.67     ,  4.92963E+05
        0 -> 12 ,  55993.85 ,  1.48422E-09 ,  178.59     ,  2.60568E+05
        0 -> 13 ,  56757.35 ,  7.64308E-10 ,  176.19     ,  1.39745E+05
        0 -> 14 ,  57335.05 ,  3.97709E-10 ,  174.41     ,   74959.    
        0 -> 15 ,  57726.95 ,  1.95234E-10 ,  173.23     ,   37557.    
        0 -> 16 ,  57933.05 ,  6.54545E-11 ,  172.61     ,   12727.    
        1 ->  0 ,  28771.45 ,  8.97928E-02 ,  347.57     ,  2.13859E+12
        1 ->  1 ,  31764.55 ,  0.71611     ,  314.82     ,  2.29512E+13
        1 ->  2 ,  34571.85 ,  0.16840     ,  289.25     ,  6.95843E+12
        1 ->  3 ,  37193.35 ,  2.27796E-02 ,  268.87     ,  1.17204E+12
        1 ->  4 ,  39629.05 ,  2.61658E-03 ,  252.34     ,  1.62845E+11
        1 ->  5 ,  41878.95 ,  2.76230E-04 ,  238.78     ,  2.02889E+10
        1 ->  6 ,  43943.05 ,  2.58704E-05 ,  227.57     ,  2.19520E+09
        1 ->  7 ,  45821.35 ,  1.74937E-06 ,  218.24     ,  1.68300E+08
        1 ->  8 ,  47513.85 ,  2.19131E-08 ,  210.46     ,  2.35053E+06
        1 ->  9 ,  49020.55 ,  3.07999E-08 ,  204.00     ,  3.62814E+06
        1 -> 10 ,  50341.45 ,  5.25166E-08 ,  198.64     ,  6.69998E+06
        1 -> 11 ,  51476.55 ,  4.22831E-08 ,  194.26     ,  5.76760E+06
        1 -> 12 ,  52425.85 ,  2.77693E-08 ,  190.75     ,  4.00130E+06
        1 -> 13 ,  53189.35 ,  1.69003E-08 ,  188.01     ,  2.54313E+06
        1 -> 14 ,  53767.05 ,  9.78900E-09 ,  185.99     ,  1.52155E+06
        1 -> 15 ,  54158.95 ,  5.13061E-09 ,  184.64     ,  8.15042E+05
        1 -> 16 ,  54365.05 ,  1.77665E-09 ,  183.94     ,  2.85471E+05
        2 ->  0 ,  25373.25 ,  3.50361E-03 ,  394.12     ,  5.72327E+10
        2 ->  1 ,  28366.35 ,  0.18473     ,  352.53     ,  4.21657E+12
        2 ->  2 ,  31173.65 ,  0.51787     ,  320.78     ,  1.56887E+13
        2 ->  3 ,  33795.15 ,  0.23352     ,  295.90     ,  9.01349E+12
        2 ->  4 ,  36230.85 ,  5.01318E-02 ,  276.01     ,  2.38423E+12
        2 ->  5 ,  38480.75 ,  8.62698E-03 ,  259.87     ,  4.91575E+11
        2 ->  6 ,  40544.85 ,  1.36612E-03 ,  246.64     ,  9.10533E+10
        2 ->  7 ,  42423.15 ,  2.06292E-04 ,  235.72     ,  1.57504E+10
        2 ->  8 ,  44115.65 ,  2.90604E-05 ,  226.68     ,  2.49505E+09
        2 ->  9 ,  45622.35 ,  3.44468E-06 ,  219.19     ,  3.27101E+08
        2 -> 10 ,  46943.25 ,  2.33284E-07 ,  213.02     ,  2.41326E+07
        2 -> 11 ,  48078.35 ,  8.23061E-10 ,  207.99     ,   91470.    
        2 -> 12 ,  49027.65 ,  3.89874E-08 ,  203.97     ,  4.59459E+06
        2 -> 13 ,  49791.15 ,  5.32778E-08 ,  200.84     ,  6.57662E+06
        2 -> 14 ,  50368.85 ,  4.45306E-08 ,  198.54     ,  5.69043E+06
        2 -> 15 ,  50760.75 ,  2.81841E-08 ,  197.00     ,  3.68628E+06
        2 -> 16 ,  50966.85 ,  1.06354E-08 ,  196.21     ,  1.40804E+06
        3 ->  0 ,  22144.85 ,  3.93105E-05 ,  451.57     ,  4.26901E+08
        3 ->  1 ,  25137.95 ,  1.26275E-02 ,  397.80     ,  2.00588E+11
        3 ->  2 ,  27945.25 ,  0.27640     ,  357.84     ,  6.03203E+12
        3 ->  3 ,  30566.75 ,  0.32884     ,  327.15     ,  9.39135E+12
        3 ->  4 ,  33002.45 ,  0.26864     ,  303.01     ,  9.65630E+12
        3 ->  5 ,  35252.35 ,  8.63118E-02 ,  283.67     ,  3.78124E+12
        3 ->  6 ,  37316.45 ,  2.11182E-02 ,  267.98     ,  1.09738E+12
        3 ->  7 ,  39194.75 ,  4.70977E-03 ,  255.14     ,  2.83585E+11
        3 ->  8 ,  40887.25 ,  1.02602E-03 ,  244.58     ,  7.01323E+10
        3 ->  9 ,  42393.95 ,  2.24353E-04 ,  235.88     ,  1.70940E+10
        3 -> 10 ,  43714.85 ,  4.95092E-05 ,  228.76     ,  4.13593E+09
        3 -> 11 ,  44849.95 ,  1.09148E-05 ,  222.97     ,  9.84695E+08
        3 -> 12 ,  45799.25 ,  2.34255E-06 ,  218.34     ,  2.25042E+08
        3 -> 13 ,  46562.75 ,  4.67215E-07 ,  214.76     ,  4.71664E+07
        3 -> 14 ,  47140.45 ,  8.02541E-08 ,  212.13     ,  8.40714E+06
        3 -> 15 ,  47532.35 ,  1.06769E-08 ,  210.38     ,  1.14661E+06
        3 -> 16 ,  47738.45 ,  9.99266E-10 ,  209.47     ,  1.08714E+05
        4 ->  0 ,  19086.25 ,  1.71077E-07 ,  523.94     ,  1.18947E+06
        4 ->  1 ,  22079.35 ,  2.26870E-04 ,  452.91     ,  2.44195E+09
        4 ->  2 ,  24886.65 ,  2.99688E-02 ,  401.82     ,  4.61923E+11
        4 ->  3 ,  27508.15 ,  0.35375     ,  363.53     ,  7.36342E+12
        4 ->  4 ,  29943.85 ,  0.16861     ,  333.96     ,  4.52695E+12
        4 ->  5 ,  32193.75 ,  0.26421     ,  310.62     ,  8.81595E+12
        4 ->  6 ,  34257.85 ,  0.12375     ,  291.90     ,  4.97556E+12
        4 ->  7 ,  36136.15 ,  4.16185E-02 ,  276.73     ,  1.96387E+12
        4 ->  8 ,  37828.65 ,  1.25196E-02 ,  264.35     ,  6.77721E+11
        4 ->  9 ,  39335.35 ,  3.68411E-03 ,  254.22     ,  2.24224E+11
        4 -> 10 ,  40656.25 ,  1.10868E-03 ,  245.96     ,  7.45053E+10
        4 -> 11 ,  41791.35 ,  3.49817E-04 ,  239.28     ,  2.55329E+10
        4 -> 12 ,  42740.65 ,  1.17502E-04 ,  233.97     ,  9.17418E+09
        4 -> 13 ,  43504.15 ,  4.23579E-05 ,  229.86     ,  3.48760E+09
        4 -> 14 ,  44081.85 ,  1.63104E-05 ,  226.85     ,  1.39715E+09
        4 -> 15 ,  44473.75 ,  6.38812E-06 ,  224.85     ,  5.61932E+08
        4 -> 16 ,  44679.85 ,  1.88470E-06 ,  223.81     ,  1.68104E+08
        5 ->  0 ,  16197.45 ,  6.86559E-10 ,  617.38     ,   2917.5    
        5 ->  1 ,  19190.55 ,  1.28316E-06 ,  521.09     ,  9.06867E+06
        5 ->  2 ,  21997.85 ,  8.09107E-04 ,  454.59     ,  8.61285E+09
        5 ->  3 ,  24619.35 ,  5.83445E-02 ,  406.18     ,  8.70621E+11
        5 ->  4 ,  27055.05 ,  0.40413     ,  369.62     ,  8.00323E+12
        5 ->  5 ,  29304.95 ,  5.60251E-02 ,  341.24     ,  1.40996E+12
        5 ->  6 ,  31369.05 ,  0.21898     ,  318.79     ,  6.75955E+12
        5 ->  7 ,  33247.35 ,  0.14985     ,  300.78     ,  5.50707E+12
        5 ->  8 ,  34939.85 ,  6.79028E-02 ,  286.21     ,  2.89635E+12
        5 ->  9 ,  36446.55 ,  2.67257E-02 ,  274.37     ,  1.29389E+12
        5 -> 10 ,  37767.45 ,  1.01637E-02 ,  264.78     ,  5.47527E+11
        5 -> 11 ,  38902.55 ,  3.93478E-03 ,  257.05     ,  2.31662E+11
        5 -> 12 ,  39851.85 ,  1.59355E-03 ,  250.93     ,  1.00858E+11
        5 -> 13 ,  40615.35 ,  6.82268E-04 ,  246.21     ,  4.57115E+10
        5 -> 14 ,  41193.05 ,  3.05593E-04 ,  242.76     ,  2.13607E+10
        5 -> 15 ,  41584.95 ,  1.34641E-04 ,  240.47     ,  9.68244E+09
        5 -> 16 ,  41791.05 ,  4.25418E-05 ,  239.29     ,  3.10503E+09
        6 ->  0 ,  13478.45 ,  1.10358E-10 ,  741.93     ,   270.22    
        6 ->  1 ,  16471.55 ,  2.80822E-09 ,  607.11     ,   12550.    
        6 ->  2 ,  19278.85 ,  5.97772E-06 ,  518.70     ,  4.28330E+07
        6 ->  3 ,  21900.35 ,  2.28322E-03 ,  456.61     ,  2.39829E+10
        6 ->  4 ,  24336.05 ,  0.10020     ,  410.91     ,  1.44413E+12
        6 ->  5 ,  26585.95 ,  0.41552     ,  376.14     ,  7.80821E+12
        6 ->  6 ,  28650.05 ,  3.64685E-03 ,  349.04     ,  8.57618E+10
        6 ->  7 ,  30528.35 ,  0.14422     ,  327.56     ,  4.10320E+12
        6 ->  8 ,  32220.85 ,  0.15072     ,  310.36     ,  5.04161E+12
        6 ->  9 ,  33727.55 ,  9.15356E-02 ,  296.49     ,  3.51192E+12
        6 -> 10 ,  35048.45 ,  4.61624E-02 ,  285.32     ,  1.98745E+12
        6 -> 11 ,  36183.55 ,  2.19510E-02 ,  276.37     ,  1.03989E+12
        6 -> 12 ,  37132.85 ,  1.04219E-02 ,  269.30     ,  5.33609E+11
        6 -> 13 ,  37896.35 ,  5.05705E-03 ,  263.88     ,  2.75226E+11
        6 -> 14 ,  38474.05 ,  2.49292E-03 ,  259.92     ,  1.41975E+11
        6 -> 15 ,  38865.95 ,  1.17406E-03 ,  257.29     ,  6.89283E+10
        6 -> 16 ,  39072.05 ,  3.84459E-04 ,  255.94     ,  2.29324E+10
        7 ->  0 ,  10929.25 ,  1.91769E-11 ,  914.98     ,   25.035    
        7 ->  1 ,  13922.35 ,  6.09489E-10 ,  718.27     ,   1644.8    
        7 ->  2 ,  16729.65 ,  5.68914E-09 ,  597.74     ,   26638.    
        7 ->  3 ,  19351.15 ,  2.22176E-05 ,  516.77     ,  1.60997E+08
        7 ->  4 ,  21786.85 ,  5.57323E-03 ,  458.99     ,  5.76355E+10
        7 ->  5 ,  24036.75 ,  0.15653     ,  416.03     ,  2.17383E+12
        7 ->  6 ,  26100.85 ,  0.38024     ,  383.13     ,  6.76122E+12
        7 ->  7 ,  27979.15 ,  1.12166E-02 ,  357.41     ,  2.45677E+11
        7 ->  8 ,  29671.65 ,  6.43181E-02 ,  337.02     ,  1.68019E+12
        7 ->  9 ,  31178.35 ,  0.11926     ,  320.74     ,  3.61450E+12
        7 -> 10 ,  32499.25 ,  9.88091E-02 ,  307.70     ,  3.39169E+12
        7 -> 11 ,  33634.35 ,  6.31294E-02 ,  297.32     ,  2.40204E+12
        7 -> 12 ,  34583.65 ,  3.65243E-02 ,  289.15     ,  1.51075E+12
        7 -> 13 ,  35347.15 ,  2.03621E-02 ,  282.91     ,  8.99259E+11
        7 -> 14 ,  35924.85 ,  1.10604E-02 ,  278.36     ,  5.12810E+11
        7 -> 15 ,  36316.75 ,  5.54807E-03 ,  275.36     ,  2.65744E+11
        7 -> 16 ,  36522.85 ,  1.87700E-03 ,  273.80     ,  9.14445E+10
 WARNING: SUM of FCFs = 0.97447     for v"=  7
        8 ->  0 ,   8549.85 ,  3.80511E-12 ,  1169.6     ,   2.3782    
        8 ->  1 ,  11542.95 ,  1.25377E-10 ,  866.33     ,   192.83    
        8 ->  2 ,  14350.25 ,  1.88139E-09 ,  696.85     ,   5559.8    
        8 ->  3 ,  16971.75 ,  5.82000E-09 ,  589.21     ,   28451.    
        8 ->  4 ,  19407.45 ,  7.20596E-05 ,  515.27     ,  5.26741E+08
        8 ->  5 ,  21657.35 ,  1.22792E-02 ,  461.74     ,  1.24734E+11
        8 ->  6 ,  23721.45 ,  0.22529     ,  421.56     ,  3.00726E+12
        8 ->  7 ,  25599.75 ,  0.29980     ,  390.63     ,  5.02968E+12
        8 ->  8 ,  27292.25 ,  6.05690E-02 ,  366.40     ,  1.23131E+12
        8 ->  9 ,  28798.95 ,  1.01637E-02 ,  347.23     ,  2.42763E+11
        8 -> 10 ,  30119.85 ,  6.46442E-02 ,  332.01     ,  1.76640E+12
        8 -> 11 ,  31254.95 ,  7.88419E-02 ,  319.95     ,  2.40721E+12
        8 -> 12 ,  32204.25 ,  6.41318E-02 ,  310.52     ,  2.14197E+12
        8 -> 13 ,  32967.75 ,  4.40302E-02 ,  303.33     ,  1.57768E+12
        8 -> 14 ,  33545.45 ,  2.73110E-02 ,  298.10     ,  1.03095E+12
        8 -> 15 ,  33937.35 ,  1.48558E-02 ,  294.66     ,  5.80672E+11
        8 -> 16 ,  34143.45 ,  5.23154E-03 ,  292.88     ,  2.08234E+11
 WARNING: SUM of FCFs = 0.90722     for v"=  8
        9 ->  0 ,   6340.25 ,  8.52575E-13 ,  1577.2     ,  0.21730    
        9 ->  1 ,   9333.35 ,  2.89017E-11 ,  1071.4     ,   23.498    
        9 ->  2 ,  12140.65 ,  4.54096E-10 ,  823.68     ,   812.59    
        9 ->  3 ,  14762.15 ,  4.21837E-09 ,  677.41     ,   13570.    
        9 ->  4 ,  17197.85 ,  5.56861E-10 ,  581.47     ,   2832.5    
        9 ->  5 ,  19447.75 ,  2.12871E-04 ,  514.20     ,  1.56576E+09
        9 ->  6 ,  21511.85 ,  2.49810E-02 ,  464.86     ,  2.48681E+11
        9 ->  7 ,  23390.15 ,  0.29935     ,  427.53     ,  3.83070E+12
        9 ->  8 ,  25082.65 ,  0.18955     ,  398.68     ,  2.99121E+12
        9 ->  9 ,  26589.35 ,  0.11650     ,  376.09     ,  2.19001E+12
        9 -> 10 ,  27910.25 ,  3.37238E-03 ,  358.29     ,  7.33209E+10
        9 -> 11 ,  29045.35 ,  1.48165E-02 ,  344.29     ,  3.63058E+11
        9 -> 12 ,  29994.65 ,  3.76669E-02 ,  333.39     ,  1.01646E+12
        9 -> 13 ,  30758.15 ,  4.13245E-02 ,  325.12     ,  1.20251E+12
        9 -> 14 ,  31335.85 ,  3.29184E-02 ,  319.12     ,  1.01289E+12
        9 -> 15 ,  31727.75 ,  2.05713E-02 ,  315.18     ,  6.57020E+11
        9 -> 16 ,  31933.85 ,  7.73552E-03 ,  313.15     ,  2.51909E+11
 WARNING: SUM of FCFs = 0.78900     for v"=  9
       10 ->  0 ,   4300.45 ,  2.13463E-13 ,  2325.3     ,  1.69771E-02
       10 ->  1 ,   7293.55 ,  7.45045E-12 ,  1371.1     ,   2.8907    
       10 ->  2 ,  10100.85 ,  1.20094E-10 ,  990.02     ,   123.76    
       10 ->  3 ,  12722.35 ,  1.19607E-09 ,  786.02     ,   2463.0    
       10 ->  4 ,  15158.05 ,  7.49310E-09 ,  659.72     ,   26097.    
       10 ->  5 ,  17407.95 ,  2.01713E-08 ,  574.45     ,  1.06408E+05
       10 ->  6 ,  19472.05 ,  5.86499E-04 ,  513.56     ,  4.33014E+09
       10 ->  7 ,  21350.35 ,  4.75018E-02 ,  468.38     ,  4.62302E+11
       10 ->  8 ,  23042.85 ,  0.36469     ,  433.97     ,  4.46198E+12
       10 ->  9 ,  24549.55 ,  8.00104E-02 ,  407.34     ,  1.18380E+12
       10 -> 10 ,  25870.45 ,  0.13869     ,  386.54     ,  2.40128E+12
       10 -> 11 ,  27005.55 ,  3.71238E-02 ,  370.29     ,  7.31157E+11
       10 -> 12 ,  27954.85 ,  8.32027E-04 ,  357.72     ,  1.81764E+10
       10 -> 13 ,  28718.35 ,  4.13245E-03 ,  348.21     ,  9.78782E+10
       10 -> 14 ,  29296.05 ,  9.97330E-03 ,  341.34     ,  2.50764E+11
       10 -> 15 ,  29687.95 ,  9.45530E-03 ,  336.84     ,  2.47409E+11
       10 -> 16 ,  29894.05 ,  4.20880E-03 ,  334.51     ,  1.12438E+11
 WARNING: SUM of FCFs = 0.69720     for v"= 10
       11 ->  0 ,   2430.45 ,  5.92223E-14 ,  4114.5     ,  8.50247E-04
       11 ->  1 ,   5423.55 ,  2.13241E-12 ,  1843.8     ,  0.34019    
       11 ->  2 ,   8230.85 ,  3.51947E-11 ,  1214.9     ,   19.625    
       11 ->  3 ,  10852.35 ,  3.59647E-10 ,  921.46     ,   459.67    
       11 ->  4 ,  13288.05 ,  2.53856E-09 ,  752.56     ,   5956.2    
       11 ->  5 ,  15537.95 ,  1.07224E-08 ,  643.59     ,   40223.    
       11 ->  6 ,  17602.05 ,  2.81697E-07 ,  568.12     ,  1.53629E+06
       11 ->  7 ,  19480.35 ,  1.52880E-03 ,  513.34     ,  1.13016E+10
       11 ->  8 ,  21172.85 ,  8.48695E-02 ,  472.30     ,  8.05544E+11
       11 ->  9 ,  22679.55 ,  0.40037     ,  440.93     ,  4.67047E+12
       11 -> 10 ,  24000.45 ,  1.00885E-02 ,  416.66     ,  1.39471E+11
       11 -> 11 ,  25135.55 ,  0.10570     ,  397.84     ,  1.67858E+12
       11 -> 12 ,  26084.85 ,  7.08087E-02 ,  383.36     ,  1.25676E+12
       11 -> 13 ,  26848.35 ,  2.39432E-02 ,  372.46     ,  4.63378E+11
       11 -> 14 ,  27426.05 ,  4.87113E-03 ,  364.62     ,  1.00489E+11
       11 -> 15 ,  27817.95 ,  4.95623E-04 ,  359.48     ,  1.06691E+10
       11 -> 16 ,  28024.05 ,  1.30490E-05 ,  356.84     ,  2.87190E+08
 WARNING: SUM of FCFs = 0.70269     for v"= 11
       12 ->  0 ,    730.25 ,  1.80720E-14 ,  13694.     ,  7.03749E-06
       12 ->  1 ,   3723.35 ,  6.73688E-13 ,  2685.8     ,  3.47745E-02
       12 ->  2 ,   6530.65 ,  1.13763E-11 ,  1531.2     ,   3.1686    
       12 ->  3 ,   9152.15 ,  1.18686E-10 ,  1092.6     ,   90.985    
       12 ->  4 ,  11587.85 ,  8.63133E-10 ,  862.97     ,   1343.0    
       12 ->  5 ,  13837.75 ,  4.55194E-09 ,  722.66     ,   12061.    
       12 ->  6 ,  15901.85 ,  1.16864E-08 ,  628.86     ,   46992.    
       12 ->  7 ,  17780.15 ,  1.81242E-06 ,  562.42     ,  1.01874E+07
       12 ->  8 ,  19472.65 ,  3.80394E-03 ,  513.54     ,  2.80872E+10
       12 ->  9 ,  20979.35 ,  0.14241     ,  476.66     ,  1.31497E+12
       12 -> 10 ,  22300.25 ,  0.38295     ,  448.43     ,  4.24685E+12
       12 -> 11 ,  23435.35 ,  8.14289E-03 ,  426.71     ,  1.04808E+11
       12 -> 12 ,  24384.65 ,  3.94959E-02 ,  410.09     ,  5.72666E+11
       12 -> 13 ,  25148.15 ,  6.03447E-02 ,  397.64     ,  9.59748E+11
       12 -> 14 ,  25725.85 ,  4.06183E-02 ,  388.71     ,  6.91561E+11
       12 -> 15 ,  26117.75 ,  1.98085E-02 ,  382.88     ,  3.52905E+11
       12 -> 16 ,  26323.85 ,  6.25322E-03 ,  379.88     ,  1.14065E+11
 WARNING: SUM of FCFs = 0.70383     for v"= 12
       13 ->  0 ,   -800.15 ,  6.01000E-15 , -12498.     , -3.07888E-06
       13 ->  1 ,   2192.95 ,  2.34234E-13 ,  4560.1     ,  2.47022E-03
       13 ->  2 ,   5000.25 ,  4.03039E-12 ,  1999.9     ,  0.50387    
       13 ->  3 ,   7621.75 ,  4.29739E-11 ,  1312.0     ,   19.027    
       13 ->  4 ,  10057.45 ,  3.17905E-10 ,  994.29     ,   323.42    
       13 ->  5 ,  12307.35 ,  1.75037E-09 ,  812.52     ,   3263.0    
       13 ->  6 ,  14371.45 ,  7.01229E-09 ,  695.82     ,   20814.    
       13 ->  7 ,  16249.75 ,  7.51060E-09 ,  615.39     ,   32227.    
       13 ->  8 ,  17942.25 ,  8.78372E-06 ,  557.34     ,  5.07352E+07
       13 ->  9 ,  19448.95 ,  9.08246E-03 ,  514.17     ,  6.68177E+10
       13 -> 10 ,  20769.85 ,  0.22297     ,  481.47     ,  1.99778E+12
       13 -> 11 ,  21904.95 ,  0.29850     ,  456.52     ,  3.13745E+12
       13 -> 12 ,  22854.25 ,  6.43046E-02 ,  437.56     ,  7.67614E+11
       13 -> 13 ,  23617.75 ,  3.28041E-04 ,  423.41     ,  4.32159E+09
       13 -> 14 ,  24195.45 ,  1.55972E-02 ,  413.30     ,  2.20927E+11
       13 -> 15 ,  24587.35 ,  1.77095E-02 ,  406.71     ,  2.63233E+11
       13 -> 16 ,  24793.45 ,  7.87627E-03 ,  403.33     ,  1.20041E+11
 WARNING: SUM of FCFs = 0.63638     for v"= 13
       14 ->  0 ,  -2160.75 ,  2.13206E-15 , -4628.0     , -2.15086E-05
       14 ->  1 ,    832.35 ,  9.01141E-14 ,  12014.     ,  5.19649E-05
       14 ->  2 ,   3639.65 ,  1.54824E-12 ,  2747.5     ,  7.46475E-02
       14 ->  3 ,   6261.15 ,  1.70497E-11 ,  1597.2     ,   4.1848    
       14 ->  4 ,   8696.85 ,  1.27247E-10 ,  1149.8     ,   83.701    
       14 ->  5 ,  10946.75 ,  7.15926E-10 ,  913.51     ,   939.13    
       14 ->  6 ,  13010.85 ,  3.07682E-09 ,  768.59     ,   6776.7    
       14 ->  7 ,  14889.15 ,  9.15947E-09 ,  671.63     ,   30233.    
       14 ->  8 ,  16581.65 ,  2.18809E-10 ,  603.08     ,   997.58    
       14 ->  9 ,  18088.35 ,  3.68828E-05 ,  552.84     ,  2.18283E+08
       14 -> 10 ,  19409.25 ,  2.08557E-02 ,  515.22     ,  1.52493E+11
       14 -> 11 ,  20544.35 ,  0.32096     ,  486.75     ,  2.78308E+12
       14 -> 12 ,  21493.65 ,  0.16250     ,  465.25     ,  1.61359E+12
       14 -> 13 ,  22257.15 ,  0.11636     ,  449.29     ,  1.28292E+12
       14 -> 14 ,  22834.85 ,  2.39064E-02 ,  437.93     ,  2.84648E+11
       14 -> 15 ,  23226.75 ,  1.87700E-03 ,  430.54     ,  2.35195E+10
       14 -> 16 ,  23432.85 ,  1.14371E-05 ,  426.75     ,  1.47160E+08
 WARNING: SUM of FCFs = 0.64651     for v"= 14
       15 ->  0 ,  -3351.55 ,  7.46324E-16 , -2983.7     , -2.80973E-05
       15 ->  1 ,   -358.45 ,  3.98540E-14 , -27898.     , -1.83553E-06
       15 ->  2 ,   2448.85 ,  6.23246E-13 ,  4083.6     ,  9.15263E-03
       15 ->  3 ,   5070.35 ,  7.49654E-12 ,  1972.3     ,  0.97718    
       15 ->  4 ,   7506.05 ,  5.46282E-11 ,  1332.3     ,   23.102    
       15 ->  5 ,   9755.95 ,  3.17474E-10 ,  1025.0     ,   294.79    
       15 ->  6 ,  11820.05 ,  1.38532E-09 ,  846.02     ,   2287.7    
       15 ->  7 ,  13698.35 ,  4.73150E-09 ,  730.02     ,   12162.    
       15 ->  8 ,  15390.85 ,  9.43894E-09 ,  649.74     ,   34412.    
       15 ->  9 ,  16897.55 ,  2.33150E-08 ,  591.80     ,  1.12488E+05
       15 -> 10 ,  18218.45 ,  1.42694E-04 ,  548.89     ,  8.62857E+08
       15 -> 11 ,  19353.55 ,  4.60087E-02 ,  516.70     ,  3.33520E+11
       15 -> 12 ,  20302.85 ,  0.41274     ,  492.54     ,  3.45418E+12
       15 -> 13 ,  21066.35 ,  3.60681E-02 ,  474.69     ,  3.37203E+11
       15 -> 14 ,  21644.05 ,  9.19287E-02 ,  462.02     ,  9.32108E+11
       15 -> 15 ,  22035.95 ,  4.94799E-02 ,  453.80     ,  5.29449E+11
       15 -> 16 ,  22242.05 ,  1.47179E-02 ,  449.60     ,  1.61945E+11
 WARNING: SUM of FCFs = 0.65108     for v"= 15
       16 ->  0 ,  -4372.55 ,  1.74696E-16 , -2287.0     , -1.46045E-05
       16 ->  1 ,  -1379.45 ,  2.36450E-14 , -7249.2     , -6.20670E-05
       16 ->  2 ,   1427.85 ,  2.24308E-13 ,  7003.5     ,  6.52967E-04
       16 ->  3 ,   4049.35 ,  3.94846E-12 ,  2469.5     ,  0.26217    
       16 ->  4 ,   6485.05 ,  2.35431E-11 ,  1542.0     ,   6.4210    
       16 ->  5 ,   8734.95 ,  1.57293E-10 ,  1144.8     ,   104.83    
       16 ->  6 ,  10799.05 ,  6.49498E-10 ,  926.01     ,   817.96    
       16 ->  7 ,  12677.35 ,  2.38478E-09 ,  788.81     ,   4858.8    
       16 ->  8 ,  14369.85 ,  6.19175E-09 ,  695.90     ,   18373.    
       16 ->  9 ,  15876.55 ,  5.85992E-09 ,  629.86     ,   23451.    
       16 -> 10 ,  17197.45 ,  2.51195E-07 ,  581.48     ,  1.27763E+06
       16 -> 11 ,  18332.55 ,  5.26113E-04 ,  545.48     ,  3.24151E+09
       16 -> 12 ,  19281.85 ,  9.69633E-02 ,  518.62     ,  6.95109E+11
       16 -> 13 ,  20045.35 ,  0.44798     ,  498.87     ,  3.60828E+12
       16 -> 14 ,  20623.05 ,  3.84892E-03 ,  484.89     ,  3.37596E+10
       16 -> 15 ,  21014.95 ,  1.57167E-02 ,  475.85     ,  1.45864E+11
       16 -> 16 ,  21221.05 ,  1.19297E-02 ,  471.23     ,  1.14007E+11
 WARNING: SUM of FCFs = 0.57697     for v"= 16
       17 ->  0 ,  -5223.75 ,  1.28286E-17 , -1914.3     , -1.82863E-06
       17 ->  1 ,  -2230.65 ,  2.79426E-14 , -4483.0     , -3.10143E-04
       17 ->  2 ,    576.65 ,  1.85496E-14 ,  17342.     ,  3.55687E-06
       17 ->  3 ,   3198.15 ,  3.47318E-12 ,  3126.8     ,  0.11361    
       17 ->  4 ,   5633.85 ,  6.43269E-12 ,  1775.0     ,   1.1503    
       17 ->  5 ,   7883.75 ,  1.06304E-10 ,  1268.4     ,   52.089    
       17 ->  6 ,   9947.85 ,  2.67996E-10 ,  1005.2     ,   263.83    
       17 ->  7 ,  11826.15 ,  1.37426E-09 ,  845.58     ,   2273.0    
       17 ->  8 ,  13518.65 ,  3.25077E-09 ,  739.72     ,   8031.3    
       17 ->  9 ,  15025.35 ,  6.70352E-09 ,  665.54     ,   22739.    
       17 -> 10 ,  16346.25 ,  8.33711E-11 ,  611.76     ,   364.14    
       17 -> 11 ,  17481.35 ,  1.42751E-06 ,  572.04     ,  7.62612E+06
       17 -> 12 ,  18430.65 ,  1.88978E-03 ,  542.57     ,  1.18313E+10
       17 -> 13 ,  19194.15 ,  0.19259     ,  520.99     ,  1.36186E+12
       17 -> 14 ,  19771.85 ,  0.36123     ,  505.77     ,  2.79210E+12
       17 -> 15 ,  20163.75 ,  6.99863E-02 ,  495.94     ,  5.73755E+11
       17 -> 16 ,  20369.85 ,  7.20337E-03 ,  490.92     ,  6.08834E+10
 WARNING: SUM of FCFs = 0.63290     for v"= 17
       18 ->  0 ,  -5905.15 ,  1.27575E-15 , -1693.4     , -2.62700E-04
       18 ->  1 ,  -2912.05 ,  8.78574E-14 , -3434.0     , -2.16958E-03
       18 ->  2 ,   -104.75 ,  2.85336E-13 , -95464.     , -3.27977E-07
       18 ->  3 ,   2516.75 ,  9.35427E-12 ,  3973.4     ,  0.14912    
       18 ->  4 ,   4952.45 ,  3.73032E-12 ,  2019.2     ,  0.45311    
       18 ->  5 ,   7202.35 ,  2.06542E-10 ,  1388.4     ,   77.167    
       18 ->  6 ,   9266.45 ,  1.88016E-12 ,  1079.2     ,   1.4960    
       18 ->  7 ,  11144.75 ,  1.67213E-09 ,  897.28     ,   2314.6    
       18 ->  8 ,  12837.25 ,  7.48065E-10 ,  778.98     ,   1582.5    
       18 ->  9 ,  14343.95 ,  6.30134E-09 ,  697.16     ,   18597.    
       18 -> 10 ,  15664.85 ,  2.76552E-09 ,  638.37     ,   10631.    
       18 -> 11 ,  16799.95 ,  2.19552E-08 ,  595.24     ,  1.04102E+05
       18 -> 12 ,  17749.25 ,  6.56358E-06 ,  563.40     ,  3.67012E+07
       18 -> 13 ,  18512.75 ,  6.72452E-03 ,  540.17     ,  4.26652E+10
       18 -> 14 ,  19090.45 ,  0.34900     ,  523.82     ,  2.42811E+12
       18 -> 15 ,  19482.35 ,  0.14401     ,  513.29     ,  1.06489E+12
       18 -> 16 ,  19688.45 ,  6.53459E-02 ,  507.91     ,  4.98715E+11
 WARNING: SUM of FCFs = 0.56508     for v"= 18
       19 ->  0 ,  -6416.75 ,  1.19211E-14 , -1558.4     , -3.14965E-03
       19 ->  1 ,  -3423.65 ,  5.02702E-13 , -2920.9     , -2.01734E-02
       19 ->  2 ,   -616.35 ,  5.55922E-12 , -16225.     , -1.30167E-03
       19 ->  3 ,   2005.15 ,  6.86192E-11 ,  4987.2     ,  0.55320    
       19 ->  4 ,   4440.85 ,  2.78266E-10 ,  2251.8     ,   24.370    
       19 ->  5 ,   6690.75 ,  1.84611E-09 ,  1494.6     ,   552.95    
       19 ->  6 ,   8754.85 ,  3.37435E-09 ,  1142.2     ,   2264.3    
       19 ->  7 ,  10633.15 ,  1.51055E-08 ,  940.46     ,   18160.    
       19 ->  8 ,  12325.65 ,  1.11701E-08 ,  811.32     ,   20916.    
       19 ->  9 ,  13832.35 ,  4.28006E-08 ,  722.94     ,  1.13276E+05
       19 -> 10 ,  15153.25 ,  8.71488E-09 ,  659.92     ,   30323.    
       19 -> 11 ,  16288.35 ,  1.54620E-08 ,  613.94     ,   66819.    
       19 -> 12 ,  17237.65 ,  3.64337E-07 ,  580.13     ,  1.86611E+06
       19 -> 13 ,  18001.15 ,  2.95465E-05 ,  555.52     ,  1.72348E+08
       19 -> 14 ,  18578.85 ,  2.27666E-02 ,  538.25     ,  1.46000E+11
       19 -> 15 ,  18970.75 ,  0.47499     ,  527.13     ,  3.24295E+12
       19 -> 16 ,  19176.85 ,  4.36289E-03 ,  521.46     ,  3.07685E+10
 WARNING: SUM of FCFs = 0.50215     for v"= 19
