3554.413	3.64E-04	.8
3554.413	3.27E-03	.8
3554.413	1.31E-02	.8
3554.422	5.46E-03	.8
3554.422	9.83E-03	.8
3554.547	7.28E-03	.8

3587.268	5.69E-04	.5
3587.268	5.13E-03	.5
3587.268	2.05E-02	.5
3587.278	8.54E-03	.5
3587.278	1.54E-02	.5
3587.405	1.14E-02	.5

3634.2308	7.25E-04	.7
3634.2311	2.61E-02	.7
3634.2311	6.52E-03	.7
3634.2409	1.09E-02	.7
3634.2412	1.96E-02	.7
3634.3714	1.45E-02	.7

3704.9953	1.23E-03	.7
3704.9957	1.11E-02	.7
3704.9958	4.44E-02	.7
3705.0058	1.85E-02	.7
3705.0062	3.33E-02	.7
3705.1414	2.47E-02	.7

3819.602	1.64E-03	.8
3819.6028	5.89E-02	.8
3819.6028	1.47E-02	.8
3819.6131	2.45E-02	.8
3819.6139	4.42E-02	.8
3819.7573	3.27E-02	.8

4026.1844	3.25E-03	3
4026.1859	2.93E-02	5
4026.186	1.17E-01	7
4026.1968	4.88E-02	3
4026.1983	8.78E-02	5
4026.357	6.50E-02	3

4471.4704	6.97E-03	2
4471.4741	6.28E-02	2
4471.4743	2.51E-01	2
4471.4856	1.05E-01	3
4471.4893	1.88E-01	3
4471.6832	1.39E-01	2

5875.5987	1.96E-02	3
5875.6139	1.76E-01	5
5875.6148	7.06E-01	7
5875.6251	2.94E-01	3
5875.6403	5.29E-01	5
5875.9663	3.92E-01	3

3562.976	3.02E-03	.7
3562.986	1.81E-03	.7
3563.111	6.03E-04	.7

3651.9815	6.00E-03	.5
3651.9917	3.60E-03	.5
3652.1235	1.20E-03	.5

3867.4723	1.31E-02	.3
3867.4837	7.87E-03	.3
3867.6315	2.62E-03	.3

4120.8108	2.39E-02	1.5				
4120.8237	1.43E-02	1.5				
4120.9916	4.78E-03	1.5				

4713.1392	5.89E-02	2.2				
4713.1562	3.53E-02	2.2				
4713.3757	1.18E-02	2.2				

7065.179	1.54E-01	12				
7065.217	9.25E-02	12
7065.71		3.08E-02	12

2677.135	4.04E-03	1
2677.135	4.04E-03	2
2677.135	4.04E-03	3

2696.1187	5.50E-03	1
2696.1194	5.50E-03	2
2696.1194	5.50E-03	3

2723.191	7.80E-03	1
2723.192	7.80E-03	2
2723.1921	7.80E-03	2

2763.8016	1.11E-02	2
2763.8031	1.11E-02	2
2763.8032	1.11E-02	3

2829.0784	1.69E-02	4
2829.0809	1.69E-02	4
2829.0812	1.69E-02	4

2945.0989	2.93E-02	1
2945.1037	2.93E-02	3
2945.1041	2.93E-02	5

3187.7332	5.05E-02	1.2
3187.7444	5.05E-02	1.2
3187.7453	5.05E-02	1.2

3888.6047	9.48E-02	1
3888.6456	9.48E-02	3
3888.6489	9.48E-02	5

3833.699	9.71E-03	.4

3871.791	1.26E-02	.7

3926.5443	1.95E-02	.7

3935.9453	7.18E-03	.7

4009.2565	2.79E-02	5

4023.9798	1.09E-02	1

4143.759	4.95E-02	3

4168.9716	1.76E-02	.5

4387.9291	9.07E-02	1.8

4437.5536	3.13E-02	.5

4921.931	2.02E-01	4

5047.7384	6.55E-02	1.5

6678.1517	6.38E-01	5

7281.351	1.81E-01	1

3231.265	4.90E-03	.5

3258.274	6.50E-03	.7

3296.7728	9.01E-03	.5

3354.5549	1.30E-02	.2

3447.5889	2.39E-02	.5

3613.6419	3.76E-02	.5

3964.7285	7.17E-02	.7

5015.6776	1.34E-01	6
																
